 36.871000                                                        
 36.870000                                                        
 36.889667                                                        
 36.953833                                                        
 36.880667                                                        
 36.922833                                                        
 36.887333                                                        
 36.870000                                                        
 36.888667                                                        
 36.866833                                                        
 36.891333                                                        
 36.874500                                                        
 36.886500                                                        
 36.954667                                                        
 36.874833                                                        
 36.938167                                                        
 36.915833                                                        
 36.885333                                                        
 36.918333                                                        
 36.917000                                                        
 36.925333                                                        
 36.823667                                                        
 36.872167                                                        
 36.884500                                                        
 36.877833                                                        
 36.908000                                                        
 36.961167                                                        
 36.878167                                                        
 36.869500                                                        
 36.905833                                                        
 36.920000                                                        
 36.867667                                                        
 36.917500                                                        
 36.903667                                                        
 36.909500                                                        
 36.905833                                                        
 36.884833                                                        
 36.925333                                                        
 36.889333                                                        
 36.877500                                                        
 36.840167                                                        
 36.886500                                                        
 36.886333                                                        
 36.898833                                                        
 36.890833                                                        
 36.888500                                                        
 36.873333                                                        
 36.881500                                                        
 36.895167                                                        
 36.824500                                                        
