       18618        -69250
        6659        -75700
       12533        -79109
       -4506        -72013
        7631        -72227
       12752        -72026
        9588        -71949
       11765        -71505
       13205        -72688
       17167        -68631
       12501        -72638
       12871        -71208
       17781        -62928
       -4355        -72234
       -9411       -108627
       10127        -70754
      -56960       -126011
       10370        -72310
       10386        -80356
        9745        -72674
       12109        -72332
        9036        -73574
       -4150        -70952
       -3369        -66868
        9971        -71498
       -7460        -73851
        9900        -71796
        9878        -71455
       10222        -70916
        9643        -71918
       -3803        -72019
       -3752        -71706
       -3730        -71914
       10327        -83980
        8410        -76597
       12506        -81143
        9487        -71267
        8762        -70979
        9385        -77519
        5947        -73630
      -57239       -125926
      -16802        -80676
      -15664        -81360
      -56903       -126114
       -2720        -43369
       16721        -63964
       11165        -79187
      -17109        -81232
       11672        -72916
        8467        -71072
