        5457        -72938
        8723        -76489
        7463        -70729
       78483        -82709
        8297        -86860
      -57239       -125911
        5820        -75176
       -8739        -50003
       10043        -76976
        2145        -65537
        9817        -72465
       14511        -73547
        7352        -69215
       -8757        -50078
       -8412       -110753
       -8726       -111815
       17889        -64202
       19899        -69620
       -1720        -71456
       -1834        -71190
       -3598        -72135
       16541        -42175
       17167        -74357
       -8762        -49602
       23652       -110828
       12638        -71775
        5999        -76154
       -4679        -72922
       -3958        -72868
        -651        -71160
       12183        -72345
       -8885        -50272
       12772        -69280
        2577        -66126
       -3330        -72815
       14056        -71267
       -3605        -73042
       16595        -70181
       10121        -74525
        7259        -70642
       14396        -73207
        9050        -71792
       -1402        -68806
        5436        -72760
       -1096        -68118
       13616        -74375
       12550        -80341
        8306        -72931
        7871        -72224
       14642        -69375
