        8786        -71469
       -3748        -69074
       -3713        -74635
       -1453        -76255
       -3782        -73624
       10850        -69409
       24282        -70972
        2077        -74692
       11925        -73863
        7809        -73145
       13648        -68275
       -3971        -73300
       -3526        -74766
       11064        -73073
       -4137        -71934
       16228        -78731
       -3911        -72213
       -2036        -74166
       15132        -77085
       -1383        -75971
       12617        -71583
        7677        -78419
        7183        -80163
        6745        -80630
        5579        -73739
       18812        -72807
       10376        -82272
       -3676        -73266
       19512        -68335
        8453        -72825
       13552        -69478
       -3260        -73900
       -3300        -73722
        8721        -69258
       -3851        -74027
       10275        -73588
        4855        -74967
       -3486        -73635
       -4072        -72647
       -3659        -73102
       10504        -74060
       -3923        -74162
        7304        -78216
       -3321        -72057
      -14017       -105430
       10558        -69724
        7605        -78554
       13400        -73457
       -4158        -70328
       12233        -80152
