       14623        -74970
       14620        -74747
       10016        -81653
        9142        -74568
       -3809        -71543
       10247        -74271
       21738        -70204
       14684        -75384
      -29719        -96593
       17155        -63172
        8473        -71562
       29393       -108964
       17226        -71775
        8745        -75390
       17458        -63747
        9679        -76016
       17786        -63343
       11828        -70673
        6236        -73091
        5859        -72517
       -3867        -69893
       12997        -70955
        9415        -72901
       -5342        -74522
        5788        -79604
       18618        -69250
        6659        -75700
       12533        -79109
       -4506        -72013
        7631        -72227
       12752        -72026
        9588        -71949
       11765        -71505
       13205        -72688
       17167        -68631
       12501        -72638
       12871        -71208
       17781        -62928
       -4355        -72234
       -9411       -108627
       10127        -70754
      -56960       -126011
       10370        -72310
       10386        -80356
        9745        -72674
       12109        -72332
        9036        -73574
       -4150        -70952
       -3369        -66868
        9971        -71498
