       11168        -73977
        8693        -75584
       15051        -72412
        9991        -81208
       16321        -76119
       13510        -69123
       12706        -75515
       18710        -67796
        6366        -73134
       14269        -72036
       23570        -68861
       -3963        -72511
       -3650        -73816
       -3308        -74495
       20261        -71854
       -1486        -76582
       17950        -63104
       13266        -74528
       -3880        -73239
       16809        -65120
       -3700        -72820
       13831        -68169
       -4233        -73095
       -2944        -74030
      -38076        -88377
       11474        -74685
       -4389        -72502
       -3604        -74514
         337        -65960
        7125        -74580
       -4199        -72857
       15099        -71818
       16003        -73022
       -2392        -75212
       -3921        -72883
       -4426        -72443
        5046        -76791
       -4783        -72031
       11792        -73538
       -2863        -73151
       -2423        -74305
        9306        -70171
        9415        -75663
       -4155        -71964
       -4212        -71831
       -3549        -71629
       -3732        -73207
       -4466        -72280
       -3887        -72689
        5591        -73234
