        9544        -69945
        9198        -71850
       12329        -72195
        8492        -78541
        5851        -71938
       11756        -75038
       12621        -71865
        7536        -72020
       13354        -69941
        6377        -78095
       16612        -65701
       17963        -71573
        5136        -76582
       20783        -67844
       13111        -78062
       13359        -71707
        8618        -72778
       15569        -69542
        8814        -77735
       10317        -75324
        9635        -75482
        6508        -78153
       13885        -76508
       14612        -72788
        9544        -74221
        9763        -78138
        8813        -72092
        7195        -77015
       11373        -71243
       11092        -72419
        7855        -73828
       11027        -74454
       12140        -73296
        9984        -76709
        7512        -70164
       13615        -71525
        8126        -78814
       19140        -66663
       15829        -66704
        5977        -75858
       21801        -67890
        5373        -73548
       12446        -71244
        8520        -70879
      121442       -113567
       15398        -66235
       15716        -73753
       16300        -68835
       14622        -67818
        8740        -72168
