       -5463        -69526
       11026        -70119
       -3550        -71525
       -3129        -69779
       -1885        -73005
      120779       -113784
       -3510        -71777
       21054       -114537
       -2186        -74005
       -4631        -69456
       -3138        -71950
       -3360        -71909
       -2507        -73518
       -2717        -74428
        4979        -75945
        9934        -72924
       -4164        -69867
       -4937        -70159
       -3365        -70124
       -3815        -71127
       -2726        -73774
        5062        -77979
       -2476        -77235
       -4640        -70260
       -4511        -70154
       -4491        -71745
       -1848        -75814
       -4260        -69526
       -3009        -68990
       -4050        -68631
       10151        -72535
       -2149        -76814
       -3140        -73200
       -4971        -67453
       -2333        -68342
       -4062        -66178
       -4776        -68224
       -3034        -71369
       -3192        -70613
       -4638        -67434
       -4600        -67538
       -4246        -67697
       -3623        -70187
       -2814        -72705
       -4614        -67895
       -5422        -68321
       -3932        -69180
        7051        -70289
       -2512        -73176
       -3005        -64841
