       -2486        -73697
       -4416        -71848
        7076        -73645
       -4554        -71166
       15015        -72516
       15889        -71377
       -4404        -71298
       -4194        -71845
       11956        -71977
       16569        -63684
        9842        -77142
       -3888        -72570
        9421        -77430
       -3719        -71348
       10762        -72631
       -3758        -71230
        9824        -70164
       11726        -72767
        6828        -71643
       -4921        -71379
       -6762        -70659
        7830        -78803
       -4910        -70769
       -5168        -70846
       -4875        -70634
       -3495        -71479
       -3527        -71926
       -5156        -70341
       13336        -68472
       -4615        -70765
       -5115        -70682
       -4693        -70454
       10090        -69270
       -3728        -72062
       -4165        -72633
       16940        -68248
       13303        -75878
       10833        -66574
       12928        -68447
       -5504        -70672
      -31827        -59819
       15665        -69822
       -4029        -71694
       12717        -72131
        8057        -69414
       10453        -71611
       12346        -67757
       23310        -68731
       -4787        -70261
       -2029        -67535
