       -3590        -66960
       11933        -85025
       12045        -85113
        9601        -77086
       11989        -85113
       13427        -84721
       -4637        -70453
       12426        -84617
       13727        -71628
       10949        -72762
        7819        -81996
       11674        -73050
       -4987        -67617
        7709        -71142
       -9052        -50185
        9689        -74041
       15543        -74661
      -10329        -80601
       -9999        -80373
      -26594        -92935
        8143        -74596
       12953        -70391
       13109        -85780
        8905        -72062
       11009        -85098
        9126        -77538
       10233        -70367
       12195        -81414
        -486        -69597
        9514        -71935
        3650        -64582
       11819        -71356
       12128        -72376
       10873        -71205
       -3214        -74628
       15565        -69215
       -4213        -71771
        5436        -74142
      -10171        -79974
       -3409        -72474
       10783        -74190
       -3090        -71355
       13261        -75522
       22066        -69829
       12189        -84829
        6912        -76603
        6673        -76695
        6746        -78001
       -2388        -66886
       -2293        -67063
