       -1026       -119174
        7542        -72510
       -1402        -80001
       -4433        -67550
       -3898        -65982
        9747        -72793
       -3445        -71077
       11084        -71736
       -2820        -73641
       19471        -61914
       -3526        -71985
       19798        -70407
       -3597        -72224
       -3982        -71069
       -2235        -74526
       -1595        -75305
        5390        -74885
      -56387       -125985
       -4503        -70793
       10061        -75521
       -2838        -72244
       11986        -81017
       10911        -75480
       11221        -75119
       -4024        -69211
       17689        -62973
       17777        -62572
       13594        -74108
       55993        -81974
        9858        -72791
       -1371        -76893
       -3770        -65817
       -9526        -52630
        8268        -71431
       -3002        -68083
       17646        -63997
       20861        -62179
       -1430        -76626
       -1930        -75191
       -1875        -75160
       -2104        -80055
       19275        -62524
       20102        -62099
       -3521        -73814
      -26408       -115272
       -2348        -74379
       19123        -62215
       10969        -74291
       -3068        -77258
       -4442        -69781
