       -9857        -71621
       12480        -72445
       -3973        -70340
       19867        -68552
       20356        -69199
        2428        -67495
        7787        -70027
       10903        -70640
       63600        -74222
       11314        -83179
       14763        -71629
        9565        -73048
       13788        -69119
        8016        -71984
       17407        -74294
       25902        -54888
       -3613        -72418
       12693        -73170
       -3988        -73434
       -2309        -74497
       -3383        -73009
       -3676        -73236
       21846        -69995
        9427        -75173
       20007        -70879
        8472        -72914
       -2421        -74424
       -1521        -75319
       -3226        -64904
        2184        -67215
        2640        -66705
        8757        -72063
       18240        -74358
       18016        -74212
       12687        -69801
       13832        -68228
       10886        -70729
       15053        -76700
       12020        -69765
       16168        -71507
       16742        -71603
       11814        -72395
       16771        -68013
       14024        -68790
       12532        -70708
        6415        -78124
        5960        -78695
        6397        -76832
       11291        -72016
       10196        -68853
