       19004        -63091
        8701        -76222
       18394        -63113
       -4547        -67314
       -3491        -71792
       18760        -61210
       -3411        -70868
       -3507        -70617
       18268        -63441
        9022        -79395
       49821        -46275
       12070        -81698
       18266        -63278
       17539        -64369
       17202        -63973
       -5496        -68337
       -4295        -66731
       -2975        -71651
       12750        -70453
       17444        -62605
       20445        -61354
       20177        -60645
        7475        -71620
        8089        -71939
        8237        -71892
       -1026       -119174
        7542        -72510
       -1402        -80001
       -4433        -67550
       -3898        -65982
        9747        -72793
       -3445        -71077
       11084        -71736
       -2820        -73641
       19471        -61914
       -3526        -71985
       19798        -70407
       -3597        -72224
       -3982        -71069
       -2235        -74526
       -1595        -75305
        5390        -74885
      -56387       -125985
       -4503        -70793
       10061        -75521
       -2838        -72244
       11986        -81017
       10911        -75480
       11221        -75119
       -4024        -69211
