       11673        -71536
       11189        -74125
       10891        -74010
       11819        -74220
       -2876        -67828
       -3772        -72940
       15362        -69292
       16680        -73859
        9327        -74625
        9898        -79858
      -53389        -91100
        9115        -71168
        7859        -71318
        7660        -71617
        8087        -71745
       19307        -66691
        6948        -70899
      -52667        -91164
      -52910        -90974
       10204        -73797
       12573        -71079
      -52723        -91135
      -52523        -90908
        6483        -76341
      121809       -114425
      -52564        -90654
      -53158        -91710
       18808        -72526
       11716        -70570
       13755        -69446
       17190        -64522
       12560        -71494
       13568        -72194
       14240        -71235
       23135        -66584
       11820        -70020
        7056        -72115
         436        -64963
       12066        -73312
       13471        -71794
      121378       -113143
       14449        -74423
       11743        -68314
       16735        -68132
        9646        -74917
       10986        -75568
       19818        -67604
       10735        -70524
       23551        -68817
       19335        -68960
