      -54538        -76547
       12206        -69822
       10995        -78893
       10615        -75469
       13406        -71053
       21307        -60751
       11377        -74390
       -2445        -71198
      -15506       -114496
       -3421        -71508
        9317        -77966
      -17113       -102786
       24508        -68420
       18119        -63309
       10016        -80376
       -2140        -74658
       15695        -72136
       -4381        -73052
       -3605        -68670
       -2852        -76809
       -3739        -75438
       -1958        -79919
       -2756        -74310
       -1288        -76178
       -4101        -68944
        7543        -74025
       11330        -79066
       -4007        -71962
      120173       -114045
       95040       -116864
        4949        -76436
        4135        -76432
       19354        -61411
       13382        -67729
       19548        -60593
       17223        -70158
       -1603        -77461
       -3209        -73602
       -4298        -65035
       11173        -71512
      120418       -115242
       -4325        -67281
       16783        -61427
       -6063        -73223
       -1867        -74372
       -2489        -73518
       20453        -62051
       11251        -73248
       -1647        -74221
       12938        -70658
