       -4133        -72276
       -3667        -75318
       20595        -58342
       -3748        -73386
      -21665        -86019
       10926        -73802
      -57176       -124368
       -3175        -70494
       -4194        -70343
       13576        -71363
       17731        -63388
       17653        -63048
       19203        -61190
       19650        -61467
       17604        -62055
       18827        -60676
       17468        -61463
       17241        -62652
       19397        -61944
       -4231        -71846
       18302        -61661
       18647        -61123
       17235        -62089
       18838        -61595
       17817        -62823
       20631        -61515
       17327        -63586
       17123        -63573
       17145        -63870
       18461        -60977
       -3095        -73794
       -3518        -68238
       10247        -72875
       17968        -63118
       18503        -61421
       17392        -62843
       18251        -63545
       17783        -63076
       -3112        -72485
       18358        -63203
       19818        -63081
       19025        -63284
       13245        -70091
        7339        -78067
       18830        -62515
       20107        -62514
       18946        -62869
       18216        -63694
       -4051        -68512
       17399        -63481
