       11230        -73026
       11588        -70691
        7868        -76159
        9753        -78732
       13325        -77495
       10750        -78570
       -3129        -74047
        7289        -71578
        2278        -65817
       11700        -80397
       16799        -74510
       11038        -69644
       -3012        -74477
       14403        -68058
        9806        -75806
        8336        -73821
       11737        -73628
        4502        -77601
        9642        -81421
       16625        -65256
       10951        -79784
        9641        -74561
       -2775        -72823
       12198        -69169
       11429        -72682
       -3578        -73651
       -3689        -72270
       -3732        -71780
       -4022        -72215
       11077        -72672
        9202        -72117
        8267        -72783
        7807        -71556
        7265        -75350
       15177        -69250
       13663        -77891
        9702        -70759
       10001        -70978
       10396        -81098
       10216        -69001
        9418        -81216
        6310        -71650
        8139        -78368
      -19451        -83022
       13683        -68141
        6217        -78513
       11071        -81727
       14068        -69368
       14824        -67696
        8002        -72326
