        9660        -77323
        5090        -74577
       11883        -72008
        9823        -74336
       -4407        -71060
       18738        -71459
        9184        -70781
      -16292        -59641
      -11064        -57394
       15337        -68773
       11443        -72340
       10036        -72284
        9512        -73197
       19334        -67402
       -4654        -73428
       -3823        -73298
       17816        -73088
        6246        -80607
        9507        -72855
       -4735        -71465
       14585        -76291
        5057        -76227
       11630        -71061
       17587        -63746
       13101        -70419
       11032        -74840
       16713        -69334
        9294        -72086
        2725        -74772
       -4075        -70981
       12887        -71045
       12632        -68451
        8664        -72020
       12830        -70897
       11179        -85348
       -4343        -68813
       13205        -72718
       11950        -75703
       -4088        -74298
       -3994        -65671
       17454        -63451
       12259        -68174
       -4743        -64892
       22405        -64399
        9499        -77785
        7957        -75876
       11510        -80014
       10951        -70090
       10958        -80229
       -4896        -70441
