       20904        -70126
       10790        -71918
        6852        -74910
       17752        -63610
       16823        -70668
       13487        -70221
        7468        -72541
       14840        -74625
        8575        -72289
        9292        -71923
       18803        -64829
       13332        -69674
        7774        -71824
       20743        -70558
        9842        -70164
        9297        -72324
       21573        -71748
        9650        -69602
       16833        -72848
       19702        -68703
       19699        -72737
       14737        -66659
       14907        -75500
       16796        -70030
       17186        -65679
       18105        -65223
       16350        -72721
       18622        -66640
        9991        -71617
       17336        -71714
        8278        -73614
        9650        -73834
        8952        -75610
        9452        -75648
       15159        -72188
       11200        -69315
       16156        -70602
        7360        -76879
       14861        -69120
       18051        -63859
        7347        -74577
       11128        -72329
        8900        -71646
       18384        -71196
        6585        -72923
        8166        -77655
       11388        -70946
       12008        -71665
       19512        -71182
        8113        -70928
