      -52564        -90654
      -53158        -91710
       18808        -72526
       11716        -70570
       13755        -69446
       17190        -64522
       12560        -71494
       13568        -72194
       14240        -71235
       23135        -66584
       11820        -70020
        7056        -72115
         436        -64963
       12066        -73312
       13471        -71794
      121378       -113143
       14449        -74423
       11743        -68314
       16735        -68132
        9646        -74917
       10986        -75568
       19818        -67604
       10735        -70524
       23551        -68817
       19335        -68960
        9671        -72616
       18904        -72777
        6225        -75067
        6047        -75574
       12772        -67781
        8166        -70720
        7090        -71907
       10322        -72889
      126304       -116303
        7903        -71807
       21853        -69135
      -16075        -59162
      -13599        -79530
       15889        -69953
       14123        -70732
       14319        -75790
       21206        -69158
       16468        -68996
        7611        -77648
       13797        -66923
       -3986        -73582
       -3638        -73325
       -1784        -75040
       12337        -68499
       12670        -75575
