       10895        -72837
       12987        -70124
       -2971        -73376
       15487        -65937
       15037        -68421
       18612        -68835
       -2988        -73525
       15538        -72880
        7600        -74083
       10921        -70610
       10157        -70189
       10821        -70047
       10403        -72057
       -1740        -71367
       -1998        -71400
       14224        -74203
        8208        -72531
       10281        -79482
       12041        -72793
        8124        -71790
       -3505        -72208
       -3777        -72583
       -3310        -72964
       27722        -45002
       13745        -72978
       16930        -70370
        4785        -80672
       -3912        -72154
       17887        -71396
       20891        -71965
       11844        -71875
      -42196       -122069
       11170        -79573
       -4586        -72966
       11317        -79438
       -3280        -73811
       10677        -80011
       -9940        -70908
       10879        -79889
       -8246        -68862
        9158        -71568
       11993        -70552
        7548        -77158
        6889        -77657
        9840        -79651
        8913        -72641
       -9917        -71279
       -9625        -72377
       -9418        -72672
       14230        -76058
