       -2947        -65093
        8701        -73401
        8619        -71412
       10654        -72870
       -2823        -74816
       -3774        -69951
       -4533        -69872
       10365        -70484
       -2092        -74167
       -4083        -68884
       -3782        -70799
       -4876        -69103
        3493        -66902
        2974        -66745
       -2620        -70501
       -8943        -50035
       -3491        -70364
       -2007        -73542
        3812        -67195
       64398        -73090
       -5073        -66651
       -3499        -68253
       -3726        -75051
       -3319        -75076
       -2910        -75219
       -4848        -68418
       -4480        -66748
       -3431        -70750
       -2720        -74190
       -3728        -67705
       -3520        -68104
       14748        -69003
       -3387        -75523
       -3213        -74688
       -3368        -71344
       -4097        -70699
       -3033        -72886
        8106        -74641
       -2491        -73310
        8184        -74907
       -4392        -72249
       -4156        -66045
       -2870        -75426
       -4044        -66133
       23326        -57807
       21149        -58276
       11369        -85716
       -4998        -71186
       -3759        -71141
        5070        -75855
