        6585        -77023
       12379        -71734
       15958        -72474
       12987        -71593
        1450        -64713
       12772        -72100
       14118        -67453
        -862        -69097
        5709        -75178
        8231        -75664
        5627        -71777
       10909        -82012
        6048        -72856
        9586        -75987
       -4341        -71877
       16557        -67200
        5864        -75740
       11033        -72108
        5149        -76225
        8143        -73245
        9739        -70729
       15740        -74183
       -5472        -64306
      -11728        -79742
        2956        -65334
       -4125        -72826
        6652        -75180
       11097        -72746
       -2333        -68327
        9563        -78363
       14148        -72661
       -4282        -67786
        8798        -72375
        8762        -73830
       10885        -70700
       -3216        -70167
       -3260        -71090
      -28573        -92951
        6313        -78794
        6996        -75963
       13102        -69039
       -3078        -73719
        6773        -75906
       -4220        -68291
       -3841        -71915
       11490        -70232
       12660        -80280
       -3438        -73070
        7833        -72150
       -4813        -78159
