       -4026        -66073
       -4849        -68314
       -3449        -74988
       -5068        -70012
      -57725       -100220
       -4067        -70148
       -4392        -67922
       -5452        -70389
       -4706        -72268
       -2328        -68773
       -2241        -68311
        3118        -75123
       -5258        -69613
       -3876        -73521
       -4372        -68011
       -5266        -71874
       -3664        -66901
       -2358        -73576
      -48442       -121468
       -3594        -72403
       -4814        -71080
        9060        -75371
       -2938        -73108
        -626        -68752
       -4319        -70731
       13413        -67298
       -3883        -74414
       -3264        -72175
       10831        -83037
       20680        -67030
       -3812        -75528
        8183        -72012
       -3668        -70991
       -4819        -64759
       -4805        -65860
       10364        -76066
       -3933        -66102
       -2309        -75895
       15300        -75806
       -4360        -67490
       -4788        -68774
       -3273        -68636
       -1921        -77242
       16465        -70183
        7230        -71281
       14363        -78980
       -4308        -68709
       -3243        -69483
      -14123        -76396
       -1433        -77741
