       13767        -68941
       -9745        -49314
       -8867        -50213
        9945        -81906
       13229        -71738
        5647        -80125
        6387        -74694
        1828        -66819
       -4697        -70112
        9629        -72230
       14259        -68341
       -4683        -71197
       17022        -71763
        7437        -70105
        7770        -70116
        9234        -71760
       12900        -67646
       10292        -85435
       18402        -69728
       12538        -71213
       -2922        -43594
       13678        -70693
       -3580        -73473
       10649        -79328
       12088        -69289
        5457        -72938
        8723        -76489
        7463        -70729
       78483        -82709
        8297        -86860
      -57239       -125911
        5820        -75176
       -8739        -50003
       10043        -76976
        2145        -65537
        9817        -72465
       14511        -73547
        7352        -69215
       -8757        -50078
       -8412       -110753
       -8726       -111815
       17889        -64202
       19899        -69620
       -1720        -71456
       -1834        -71190
       -3598        -72135
       16541        -42175
       17167        -74357
       -8762        -49602
       23652       -110828
