       -4666        -79436
       10158        -70279
       18720        -62561
       15664        -68250
       -8961        -50065
       -9874        -49405
        8358        -71267
       -4027        -65999
       19990        -69500
       -6420        -69925
       10609        -72247
       -4028        -68884
       -1260        -68314
       -3641        -71660
        7300        -77964
       -3236        -74346
       13569        -70828
        8526        -72764
      -12542        -77000
       -9129        -49933
       -8868        -50094
       12601        -68911
       10443        -69414
        7940        -71836
        9589        -73419
       12494        -70679
       10055        -72329
       18323        -70812
       -7282        -74727
       43602        -44061
       10277        -70871
       11388        -70946
       -6892        -74870
        9371        -72367
       -5170        -70727
       14035        -72544
        8817        -73830
       -2912        -73658
       -3353        -73916
       -2408        -74023
       13638        -71837
       -2086        -71758
       11906        -72379
        -801        -69572
       14872        -74269
       -3570        -72833
       30058        -69904
       12665        -69564
       10400        -71805
       -3261        -72443
