        4790        -68505
       -5192        -71858
       -4090        -71294
        8629        -72154
       -5074        -70994
       -3251        -73171
       11419        -80164
        -926        -68414
       -2688        -73833
       -4047        -65880
      -27455        -91070
       10772        -80173
        6769        -75580
       10316        -71063
       15414        -73253
       17325        -70884
       -2693        -74844
       -4316        -73810
      104034        -57496
        6058        -75025
       12516        -70946
        9856        -72673
       34814        -51133
       13188        -68533
       14160        -72142
       10188        -72564
      -18879       -106734
      -18383       -107589
        8774        -78834
       -4140        -74506
       21967        -63337
        7460        -73313
       10221        -72237
       13349        -70965
       -2256        -74288
       -3940        -71411
       11484        -68362
      -22122       -114913
        5436        -76875
       13764        -68704
       15016        -76686
        7367        -70463
       -3982        -71084
       11084        -70341
        6707        -75105
        6559        -75092
       -4375        -70717
       -3090        -72753
       -4278        -72441
       -3905        -71306
