       11733        -69041
       11758        -69531
        8338        -71133
       -9874       -109647
       11995        -70715
      -11020        -76056
       16268        -64815
       -4195        -65822
       10270        -80031
       -4909        -70873
      -16926        -81080
       17201        -72754
       13579        -71555
      -50229       -121860
       11152        -74125
        6597        -77944
      -11283        -77102
        7661        -71736
        6620        -79607
        1088        -80858
        6298        -79077
        6932        -79380
        6463        -78970
        7020        -79067
       -3013        -71577
       20478        -71481
       12568        -70693
       -4384        -72874
       19730        -72336
       14350        -73949
       -1262        -78066
       -3806        -71796
       -2974        -73138
       21481       -120581
       -1494        -67350
       22418       -120237
       -6526        -74553
       -4692        -70528
       18262        -73186
       12225        -72716
       -3790        -71557
        6086        -79778
        5938        -78458
        5658        -78268
       -3815        -73892
       14297        -78224
       14896        -73260
       10255        -70634
       18942        -67081
       13259        -69719
