        9671        -72616
       18904        -72777
        6225        -75067
        6047        -75574
       12772        -67781
        8166        -70720
        7090        -71907
       10322        -72889
      126304       -116303
        7903        -71807
       21853        -69135
      -16075        -59162
      -13599        -79530
       15889        -69953
       14123        -70732
       14319        -75790
       21206        -69158
       16468        -68996
        7611        -77648
       13797        -66923
       -3986        -73582
       -3638        -73325
       -1784        -75040
       12337        -68499
       12670        -75575
       11168        -73977
        8693        -75584
       15051        -72412
        9991        -81208
       16321        -76119
       13510        -69123
       12706        -75515
       18710        -67796
        6366        -73134
       14269        -72036
       23570        -68861
       -3963        -72511
       -3650        -73816
       -3308        -74495
       20261        -71854
       -1486        -76582
       17950        -63104
       13266        -74528
       -3880        -73239
       16809        -65120
       -3700        -72820
       13831        -68169
       -4233        -73095
       -2944        -74030
      -38076        -88377
