       -2771        -71678
       -3298        -71001
       -2725        -73848
       40403        -44196
       -3328        -72994
       -3105        -73021
       -3233        -73186
       -3447        -72341
       -3509        -71896
       19626        -69979
       -3525        -70647
       10682        -73538
       -2270        -73248
       -2307        -73248
       -2368        -74275
       -3338        -67819
       13322        -46005
       -2925        -74089
       -2380        -71896
       -1558        -76717
       -3759        -73951
       10517        -69383
       -3050        -70195
       12432        -71600
       18258        -64094
       14102        -73389
       -3206        -72397
       -4175        -71890
        7045        -74120
       -4078        -72230
       -1559        -75245
        9909        -72420
       -3169        -69527
       -3814        -66769
       -2952        -74803
       -3666        -71199
       -4742        -69488
       -4104        -68691
       -4060        -74952
       -5001        -69446
       -4433        -70510
       -4257        -69823
       -4312        -69794
       -3596        -70856
       -2364        -73130
       -3095        -70954
       -2929        -75219
       -9432        -61036
       -2523        -73742
       11374        -72757
