        8033        -70439
       -4689        -70692
        9377        -74208
       -7702        -73780
        6405        -80070
        6401        -79833
        6840        -78133
      -11811        -76350
       -4035        -74074
        9800        -71189
       12009        -71769
        7232        -77029
        7290        -71622
       -9094        -49664
       17477        -65349
       13780        -72799
        7527        -76951
       18444        -72961
       -8418        -62333
        9169        -72474
       14620        -78872
        6453        -74099
        8629        -73595
       20011        -71175
        9688        -72556
      -10687        -77391
       -2886        -72795
       21395        -67970
       13332        -69674
        -913        -60297
       14492        -72122
       11617        -68642
        8844        -75864
        8218        -77402
        9028        -77123
        8600        -72808
       15635        -75980
       -2091        -57605
        5419        -62511
       -8873        -49573
       -8756        -50241
       13206        -69883
       10779        -75303
       -3236        -72933
       -3618        -73414
       12072        -72332
        5400        -76935
       -4036        -72616
       11196        -70399
       12506        -71569
