       14306        -66160
       74352        -70305
      -15456        -81655
       11676        -73198
        8423        -76166
       11212        -68781
        8221        -73526
       -3943        -72660
       12385        -72254
        -794        -68620
       10923        -72154
       -3186        -72486
      -15063        -80667
       -4155        -73421
       16461        -68418
      -45472       -119978
        9945        -72360
       10363        -71820
      -13915        -58825
       -4712        -70409
       -4393        -72160
       -3798        -70963
       -3784        -70620
       10373        -71137
       -7559        -77557
       10985        -72673
       -3634        -72180
       -2527        -72017
       -2850        -72720
       -3839        -73476
       -4587        -71493
       -4672        -70572
       -4260        -72441
       -3876        -70666
       -4652        -70751
       -4339        -72085
       -3734        -73059
       -5077        -70786
       -4636        -71970
       -3643        -71481
       -4723        -70945
        8042        -72563
       -5078        -70711
        4543        -72311
       -4345        -71624
       -4648        -71063
       -5145        -71233
       -2821        -70697
       -2962        -41290
       -3750        -71825
