       11414        -79793
        7344        -71547
       10744        -72676
       -9428        -71898
       -7877        -74526
      118489       -111012
       10809        -80202
       11229        -79795
        8896        -71379
       -9291        -72477
        9835        -73890
       -9771        -76739
       13240        -69645
       -5023        -66249
        8139        -70037
       -8834        -49811
       -8979        -50080
       19945        -73163
        9769        -83780
       11793        -81776
       12068        -82841
        8471        -71414
        8070        -71850
       10542        -83501
       -4110        -71145
       -5213        -70297
       -4442        -66866
        9235        -78739
        9256        -78946
        8305        -72901
      -10236        -77906
        5629        -74719
        9869        -75048
       14503        -75684
        6935        -76914
       42301        -54115
        7740        -78982
       -3802        -66204
        9152        -76706
       15652        -68769
       -3226        -72279
        5990        -79526
       18636        -51810
        9863        -81329
        6691        -79413
       11936        -78761
       11505        -79658
       -3390        -73887
       10831        -73669
       19952        -72348
