       11984        -71279
        9217        -76081
       10700        -72083
        8833        -76369
       23868        -69021
       16632        -64321
       17816        -62720
       16974        -65014
       20485        -72014
       12718        -73659
       10399        -70275
       -1423        -74381
       11536        -70959
       14636        -75964
       11121        -68841
        4628        -73202
       18601        -63467
        8322        -72782
       10205        -83224
        4705        -76202
       11769        -67453
      -17212        -60024
       12489        -73098
       22481        -69053
       10785        -75763
        9889        -72316
        8953        -71452
       15360        -66176
       10794        -69320
        6799        -79188
       19425        -67253
        8837        -75314
        9923        -73533
        6970        -71166
       13044        -77247
       15956        -69388
       18840        -70746
        6592        -72032
        6932        -75310
       14209        -73076
        7792        -71853
        6239        -74740
       12194        -71766
        6211        -75394
       17778        -64174
       10858        -79696
       14699        -68039
       11745        -74192
       11353        -73930
       10584        -74504
