      -10946        -77395
       -4316        -70940
      -20841        -88004
       12911        -67082
       -8929        -49544
       11925        -72438
       15446        -75686
       11644        -67810
       12890        -76848
       11826        -76135
       -4828        -72865
       -9391        -49593
        8730        -72821
       -3880        -71811
       11904        -76446
       -4448        -72235
        7230        -72692
       -9674        -49060
       14618        -76038
       13709        -74462
       98295        -91000
       11462        -73780
       11539        -69756
        -432        -69478
       -9970        -49078
       -9893        -49345
       -9356        -49370
      -10929        -80014
        9274        -77506
        6483        -74989
       -9152        -49487
       -4976        -72837
       -1470        -69327
       -8984        -49604
       -9187        -49606
       -8834        -49855
       -9785        -49032
       21594        -69138
       -3402        -74348
       -4806        -71734
       -9134        -49397
      -58115        -39260
       -9354        -49563
       -9097        -49367
       -9015        -50214
       10396        -72873
       -9951        -49093
       -9284        -49190
       -3423        -72772
        -266        -69401
