       -3122        -78657
       -2904        -75650
       -4471        -71879
       -3613        -72418
         295        -75622
       -4591        -69739
       -3097        -75058
       -3420        -71568
       -3091        -76857
       -2288        -77426
       -1841        -77658
       -3143        -72977
       -5805        -70245
       -4248        -74776
       -3725        -72360
      -13932        -76795
       -2675        -73387
       -2330        -75702
       -5845        -69992
       -3891        -70919
       -2992        -70387
       -5186        -68006
       -3930        -72169
       -4293        -69869
       -3529        -68848
       -2869        -75501
       -4072        -68319
       -6719        -72532
       -5122        -73032
       -5976        -69875
       -4220        -71236
       -4400        -70153
       -3921        -71470
       -5033        -69893
       -3088        -72946
       -4055        -65196
       -3242        -69602
       -7219        -73937
       -3703        -71140
       -3662        -68537
       -3199        -74375
       -4030        -70148
       -3788        -74591
       -5743        -69292
       -4050        -70044
       -5703        -68087
       -2720        -74220
       -2532        -74426
       -4516        -69797
       -2466        -73815
