        8171        -72487
       -9129        -49918
       -2611        -74055
        2982        -74620
       12504        -78352
       -2714        -74651
       -4954        -70293
       -4824        -70277
        8988        -75535
        8488        -71295
       10421        -71997
       21842        -68231
       22111       -119679
       15041        -71596
       -4192        -72009
        8395        -75484
       -5330        -65301
       11536        -73794
       -3807        -71706
       11541        -69890
        9933        -71425
       11455        -71865
       12027        -71739
       11731        -71728
        2652        -74818
       17561        -63108
       11647        -84450
       18901        -71116
       10494        -73303
       13805        -73333
       11205        -72536
       10147        -73664
       -4391        -69424
        8185        -80372
       12699        -80398
        9127        -78933
       11898        -80038
        6233        -78394
       -4545        -70437
       -3887        -69819
      -20042       -106887
       -4321        -69140
       13583        -71897
        8632        -75228
       -3800        -70799
       10226        -71243
       12577        -72771
        6467        -72375
       12212        -71707
       18638        -70822
