       -3519        -71093
       -2725        -72391
       -4652        -70721
       -4098        -70684
       -3998        -71218
       -2922        -75724
       -3024        -72217
       -3557        -72476
       -2682        -72852
       -3169        -72427
       -2742        -73923
       -4161        -67086
       -4469        -71983
       -3886        -72719
       -3353        -69619
       -3371        -69619
       -5743        -67805
       -4550        -65559
       -5278        -68022
       -3695        -70322
       -3763        -67869
       11662        -72100
       -3867        -71380
       -3168        -69572
       -2576        -73921
       -3513        -71524
       -2487        -73667
       -3607        -71436
       -4203        -71146
       -5336        -67859
       -3954        -70355
       -3517        -75465
       -4119        -74700
       -3861        -74666
       -4224        -68039
       -4618        -67582
      -14365        -76265
       -4329        -71416
       -3997        -71292
       -3393        -72236
       -3196        -73200
       -5498        -69676
       -4131        -69510
       16859        -63176
       -4074        -71115
       -2554        -72746
       -3922        -69953
       -4338        -67728
       -3051        -67161
       -4667        -69561
