       11889        -68178
        8431        -71162
       12128        -69556
        5422        -75865
      -60011       -122160
       88254        -68093
        7758        -72047
      -16664        -82581
        6442        -77411
      -13405        -82818
        9007        -72773
       14747        -71793
      -14957        -82959
      -12688       -111676
       -2340        -74944
        9557        -72439
       16471        -73447
       -3360        -73351
        6492        -71439
        -405        -67173
        8096        -71047
        7805        -71422
        9274        -76155
        5410        -77678
      -48201       -122480
       -9857        -71621
       12480        -72445
       -3973        -70340
       19867        -68552
       20356        -69199
        2428        -67495
        7787        -70027
       10903        -70640
       63600        -74222
       11314        -83179
       14763        -71629
        9565        -73048
       13788        -69119
        8016        -71984
       17407        -74294
       25902        -54888
       -3613        -72418
       12693        -73170
       -3988        -73434
       -2309        -74497
       -3383        -73009
       -3676        -73236
       21846        -69995
        9427        -75173
       20007        -70879
