        7210        -72559
       -4944        -69624
       -3769        -68880
       -4024        -70683
       14158        -61561
       14923        -71123
       19316        -71807
       -4664        -65293
       -3807        -68836
       -4055        -68230
        9721        -79103
       17518        -62560
       -3538        -68104
       -1791        -74520
       -1892        -69585
        9203        -80417
       -3323        -71938
       17438        -63614
       -1528        -74814
       -2860        -73374
       -2045        -69216
       17676        -61906
       28421        -48269
       -2416        -73428
       -4265        -70627
       -4697        -68610
       -2856        -69404
       -3857        -69268
       -3660        -67243
       -4178        -73035
        9850        -73578
       -3280        -72369
       10388        -72265
       -3631        -70975
       -4773        -68492
       -3141        -73140
       12242        -71172
       12622        -71998
       16432        -63018
       -1192        -77768
       -2690        -64912
       -3684        -69757
       -5377        -69005
       -3643        -67094
       -4454        -71730
       11060        -71351
       11214        -70399
        7951        -72638
        8282        -72515
        9243        -72413
