       -4697        -68610
       -2856        -69404
       -3857        -69268
       -3660        -67243
       -4178        -73035
        9850        -73578
       -3280        -72369
       10388        -72265
       -3631        -70975
       -4773        -68492
       -3141        -73140
       12242        -71172
       12622        -71998
       16432        -63018
       -1192        -77768
       -2690        -64912
       -3684        -69757
       -5377        -69005
       -3643        -67094
       -4454        -71730
       11060        -71351
       11214        -70399
        7951        -72638
        8282        -72515
        9243        -72413
       19767        -73729
        9228        -72681
       17139        -63336
       16475        -72349
        9459        -77548
       -3686        -72508
      -49552       -122475
      -17590        -81223
       10842        -83779
       11821        -71549
       -2343        -74706
       17372        -64327
       10733        -73240
       13527        -70399
       16069        -65129
       -3223        -72487
        5995        -78561
        5186        -76210
       -2731        -74741
       -3114        -73809
       17723        -62676
       -1456        -77400
      -61174       -125282
      104015        -95785
       -3269        -71863
