      -14022       -116748
       81475        -70374
      -48751       -120741
       18703        -93545
      121214       -114245
      119505        -93714
       13434        -77345
      -11487        -89995
       -5963        -70901
       -5711        -71835
       87854        -68628
       -5886        -71168
       -6314        -70950
       98132        -98114
       98272        -97627
       13203        -65268
       12755        -64902
       -4986        -70680
      -12945        -49332
       13745        -71524
        6106        -71637
       14150        -69975
        9830        -70654
        7572        -71960
        8285        -71327
       20904        -70126
       10790        -71918
        6852        -74910
       17752        -63610
       16823        -70668
       13487        -70221
        7468        -72541
       14840        -74625
        8575        -72289
        9292        -71923
       18803        -64829
       13332        -69674
        7774        -71824
       20743        -70558
        9842        -70164
        9297        -72324
       21573        -71748
        9650        -69602
       16833        -72848
       19702        -68703
       19699        -72737
       14737        -66659
       14907        -75500
       16796        -70030
       17186        -65679
