      -17998        -52586
       18980        -71574
       14981        -74134
       -4584        -70259
       13593        -69834
       13505        -71571
       10893        -71279
       12331        -72343
        9446        -77919
       12478        -67963
       21629        -70383
        1646        -65573
        1035        -65521
       -3141        -73095
       10102        -81221
       10645        -70747
        9975        -76012
       -4573        -71121
       -4079        -69256
       14438        -74987
        6929        -72325
        8991        -78520
       10722        -81910
        7765        -71170
       -4473        -73128
        9499        -70821
        8225        -70957
        9453        -72975
       17409        -64252
       -1713        -71992
         888        -65656
       16335        -73003
       -3771        -71661
        8157        -75620
       10929        -82100
       11019        -81936
        7630        -76370
       13099        -70241
       12135        -68606
        8138        -71418
        8654        -75436
       -4505        -72087
       -4188        -70864
       -4567        -71612
      -58025       -104565
      114101        -79050
       -4122        -71651
       14784        -77356
       18994        -68311
        9902        -81462
