       -3096        -75177
       -5330        -69763
       -4641        -70126
       -3163        -75638
       -2819        -75128
       -5069        -69953
       -4497        -69812
       -4185        -71072
       -4141        -70149
       -4083        -70386
       -4133        -73644
       -2547        -76076
       -3270        -74614
       -4627        -71271
       -4144        -74209
       -5000        -70993
       13881        -76256
       -3574        -72551
       -5079        -72065
       -4291        -72902
       -2948        -75145
       -5051        -69923
       -4956        -70070
       -4706        -70826
       -4881        -70144
       -4325        -70241
       -3216        -71595
       -5028        -70220
       -5811        -69814
       -3458        -71509
      -14654        -75360
       -3783        -70725
       -3639        -74678
       -3852        -71082
       -4795        -71080
       -4498        -71180
       -2545        -70605
       -3005        -73614
        5358        -72464
       -4654        -72044
       -4670        -70751
       -5215        -70133
       -4782        -72150
       -3819        -67810
       -2332        -75553
       -3385        -75671
       -2573        -76894
       -3906        -78147
       -5873        -70736
      -14764        -75436
