       19842        -60412
       -3687        -72404
      -61117       -125356
       -3294        -69856
       27926        -89355
       26588       -114585
       26979       -114741
        9468        -72707
       10131        -71036
       13567        -72090
       19674        -61882
       19654        -61749
       19873        -61494
       19845        -62265
       20908        -61467
      -20712        -86706
       -4190        -67756
       20941        -61140
       21837        -61797
       20042        -61759
       -5288        -71592
        8006        -74019
       -2170        -73796
       -3733        -74546
       -3315        -72577
       21554        -62897
       -4195        -71726
       -4699        -71391
       -5148        -68080
       -3939        -68645
       -4391        -67996
       -5430        -67682
       -4284        -69155
       -3157        -69021
       -3651        -69414
      -61139       -125176
       19883        -62324
        7872        -75104
      -43034        -64712
       10693        -70108
       -5112        -68020
       -2855        -73805
       -3154        -69230
       -1434        -76314
       -4002        -69478
       -2738        -74235
       12839        -68701
        1675        -66434
       11615        -69918
       -4061        -69182
