       12664        -79241
        6263        -73715
       12003        -71324
       13816        -71345
        7892        -72416
       10270        -71777
        6391        -66406
       -5566        -71551
       -3497        -74201
        9974        -77333
       11638        -68790
       -3154        -72099
       12519        -85907
       11400        -74731
        9479        -76286
       19215        -65239
       -2998        -74179
       -4079        -72126
       10734        -78807
       -3423        -72757
       -4895        -70560
       10865        -73402
        7563        -76861
       13156        -70314
        9868        -74974
        8463        -69335
       14551        -68011
       -3786        -70487
       13125        -67881
        5527        -72611
       10033        -70636
       10826        -70389
       18112        -62746
        4596        -76367
       10885        -78969
       10470        -68597
       10631        -79388
        5667        -80244
       10050        -70517
        7051        -75932
       12028        -75999
       13081        -74500
        5511        -74185
        6563        -76786
       10774        -73537
       -7662        -73958
       12950        -68684
        7245        -70984
       10871        -85798
       -4366        -71401
