       -4054        -69747
        9792        -73431
       12851        -84552
       11394        -68526
       15860        -67683
       -3163        -70018
       -4947        -69356
        9946        -72419
       18270        -65132
       17849        -65508
      -18350        -81070
        9366        -71981
       10737        -73537
       11367        -73633
       13498        -69627
       13415        -71795
        6068        -75723
       16358        -73315
       -4109        -71234
       11943        -73788
       19810        -57699
        8074        -70766
      -50608       -121403
       -2407        -75480
        -896        -76441
       17521        -65868
        6557        -73592
       -3936        -64303
        9348        -77550
       10494        -71922
       10848        -69260
       -4173        -73466
       -3945        -73924
       11275        -73634
       11073        -72345
       -3784        -69148
       -3265        -74986
      102477        -87469
        4667        -76143
       -3766        -72003
        8287        -77089
       -9128        -49977
       -2151        -75298
       -3432        -73486
       10901        -73342
       18072        -74256
       10856        -83482
       11977        -80349
       13918        -72056
       -8791        -78035
