      -21458       -114796
      -22395       -115201
      126360       -116331
       10461        -72205
       -7057        -72180
       16885        -62226
       11514        -74937
       -3649        -71080
       11377        -81085
       12604        -71969
      126765       -115225
       17754        -72584
       10320        -72785
       16678        -61977
       12081        -70180
       12199        -85511
       -3812        -68405
        9082        -83626
        8827        -83942
        8607        -84064
       -3783        -69223
       -2157        -66110
      126374       -116067
      -49340       -121948
        8340        -83503
       -2746        -73596
       -2441        -79807
       -5084        -74489
       -1548        -80151
       38572        -53150
       -2561        -73638
        9094        -73752
       -2185        -74079
       13792        -76494
       -3059        -67994
       -2961        -69896
       -2887        -69880
       -4670        -69353
       -4744        -69294
       -4691        -69145
       -3933        -70518
       -4005        -66266
       -3272        -70153
       -3452        -70512
       -3340        -70645
       -3452        -70572
       18177        -63531
       -3263        -67893
      -56088       -112929
       -6223        -72288
