       14338        -70195
        8626        -80143
       19058        -68933
       20315        -68903
       21225        -69203
       -6737        -63726
      -26014        -89691
       -9930        -80015
       12029        -71887
        9827        -71812
       20832        -68837
       -8654        -49318
      -31852        -96224
       -7905        -73798
       -2724        -73938
       20267        -68028
       -3517        -74067
       80604        -71681
       -2999        -72692
       36700       -107859
       -2526        -72061
       10538        -68151
       17352        -78419
        7670        -87003
        8835        -87016
       10895        -72837
       12987        -70124
       -2971        -73376
       15487        -65937
       15037        -68421
       18612        -68835
       -2988        -73525
       15538        -72880
        7600        -74083
       10921        -70610
       10157        -70189
       10821        -70047
       10403        -72057
       -1740        -71367
       -1998        -71400
       14224        -74203
        8208        -72531
       10281        -79482
       12041        -72793
        8124        -71790
       -3505        -72208
       -3777        -72583
       -3310        -72964
       27722        -45002
       13745        -72978
