        8350        -73465
       18852        -71680
        -432        -88253
       11554        -69444
       13240        -83344
       -8258        -73668
      101866       -116735
       -6944        -75109
        9251        -75858
       13342        -82689
       11823        -82533
       -1718        -75842
       -2107        -75773
       -3036        -74105
        9039        -69521
       -8948        -51329
       11081        -68619
       -4074        -73926
        1817        -67428
       10645        -80382
       11164        -81770
       12853        -69814
        8980        -80346
       -9139        -48966
       17785        -67807
        8033        -70439
       -4689        -70692
        9377        -74208
       -7702        -73780
        6405        -80070
        6401        -79833
        6840        -78133
      -11811        -76350
       -4035        -74074
        9800        -71189
       12009        -71769
        7232        -77029
        7290        -71622
       -9094        -49664
       17477        -65349
       13780        -72799
        7527        -76951
       18444        -72961
       -8418        -62333
        9169        -72474
       14620        -78872
        6453        -74099
        8629        -73595
       20011        -71175
        9688        -72556
