        9391        -79331
       21915        -69653
       14459        -72375
        4505        -76442
        9769        -81181
       11505        -74225
       -3777        -72628
        9740        -76416
       13584        -67652
       12737        -72294
       -2935        -71903
      -60362       -122197
      -60346       -122062
      -10961        -76264
      -11067        -76652
      -10273        -76567
      -11008        -76889
      -10561        -77151
       -3910        -72362
       -3553        -72744
      -10756        -76410
       10807        -74605
      -11088        -77828
       -3384        -71552
       10331        -79036
       12801        -78423
        1897        -64901
       21398        -66798
       -8887        -50079
        9221        -77729
       -8995        -50333
       15367        -76681
       15337        -77156
       -3082        -71994
       15633        -77182
        9273        -74744
       -8775        -50122
       -8022        -73338
       11180        -72002
       -5139        -70266
       -4675        -71807
       15956        -69388
       11278        -80611
       14046        -70540
       15243        -77083
       -7717        -74033
       -7471        -74461
       10087        -71942
       10285        -70054
       13110        -73877
