       -5796        -70959
       -4470        -70525
        8465        -73805
        8876        -72686
        9902        -71945
       10920        -70491
       -3487        -70721
       17900        -66590
       -2840        -73552
       -4712        -68922
        -722        -76959
       -3593        -69607
       -3393        -72221
      -35653        -88357
      -36332        -88725
        8829        -71899
       -2568        -71705
       16276        -65423
       -2796        -75411
      -58305       -125332
       12386        -69478
      -16422       -110833
        9745        -72645
       -3043        -74953
       27198        -55037
       -2364        -75925
       17306        -67903
       10038        -72448
       16883        -63636
       -8090        -77906
        5756        -73127
      -17754       -106536
       10780        -71161
        8027        -71405
       -2635        -75037
       -4156        -64528
       -3911        -64852
      -46038       -121408
       -2984        -73822
      106712       -110566
       15447        -64202
       -4365        -72918
       -3623        -73087
       16470        -64694
        9546        -71548
        9978        -72107
      -12457       -109007
       -9301        -75959
       -9364        -78102
      -10290        -76671
