        5631        -74912
       -5962        -72418
       10783        -68459
       15024        -71715
      -12602        -53764
        7122        -74298
       11606        -72086
       -3983        -72422
       -6466        -67695
        9904        -78982
       10640        -71742
       -5766        -70378
       17063        -70605
       11333        -79274
       10841        -71546
       12859        -70259
       12438        -78932
       10082        -74347
       -1791        -74475
        -662        -87751
       11176        -74570
       -1640        -67575
      -11478        -77714
        8956        -78654
       14246        -78551
        9391        -79331
       21915        -69653
       14459        -72375
        4505        -76442
        9769        -81181
       11505        -74225
       -3777        -72628
        9740        -76416
       13584        -67652
       12737        -72294
       -2935        -71903
      -60362       -122197
      -60346       -122062
      -10961        -76264
      -11067        -76652
      -10273        -76567
      -11008        -76889
      -10561        -77151
       -3910        -72362
       -3553        -72744
      -10756        -76410
       10807        -74605
      -11088        -77828
       -3384        -71552
       10331        -79036
