       20631        -61515
       17327        -63586
       17123        -63573
       17145        -63870
       18461        -60977
       -3095        -73794
       -3518        -68238
       10247        -72875
       17968        -63118
       18503        -61421
       17392        -62843
       18251        -63545
       17783        -63076
       -3112        -72485
       18358        -63203
       19818        -63081
       19025        -63284
       13245        -70091
        7339        -78067
       18830        -62515
       20107        -62514
       18946        -62869
       18216        -63694
       -4051        -68512
       17399        -63481
       19004        -63091
        8701        -76222
       18394        -63113
       -4547        -67314
       -3491        -71792
       18760        -61210
       -3411        -70868
       -3507        -70617
       18268        -63441
        9022        -79395
       49821        -46275
       12070        -81698
       18266        -63278
       17539        -64369
       17202        -63973
       -5496        -68337
       -4295        -66731
       -2975        -71651
       12750        -70453
       17444        -62605
       20445        -61354
       20177        -60645
        7475        -71620
        8089        -71939
        8237        -71892
