       -3491        -67449
       -3205        -65171
       20693        -62033
       -3169        -73854
       -4874        -66277
       -3022        -72350
        8099        -80834
       18128        -62582
       13015        -79147
       -2952        -73420
      -26202       -114374
      -26407       -115317
       -4023        -66326
        9202        -74909
       -2198        -75923
        5138        -75379
       10394        -75531
       -4247        -70552
       11074        -69525
        8922        -73353
       17392        -62843
       -3469        -70631
       -2032        -73036
        7998        -72044
       -4682        -71257
      -54538        -76547
       12206        -69822
       10995        -78893
       10615        -75469
       13406        -71053
       21307        -60751
       11377        -74390
       -2445        -71198
      -15506       -114496
       -3421        -71508
        9317        -77966
      -17113       -102786
       24508        -68420
       18119        -63309
       10016        -80376
       -2140        -74658
       15695        -72136
       -4381        -73052
       -3605        -68670
       -2852        -76809
       -3739        -75438
       -1958        -79919
       -2756        -74310
       -1288        -76178
       -4101        -68944
