       15377        -74678
       19915        -70865
       20456        -63874
       18219        -71377
       10008        -72968
       17946        -71721
        9855        -72599
       13099        -71695
       11501        -72532
       23164        -68926
        8541        -76655
       16007        -73349
        8029        -71553
        5917        -74106
       12244        -71350
       11010        -73177
       10408        -71018
        5314        -73297
      -34712       -121527
       14554        -68249
       13720        -71034
       10117        -75609
        7695        -72894
       10562        -70021
       10084        -74481
       10568        -70496
       21829        -70099
        4050        -76998
       18232        -72370
       12123        -71990
       21232        -69706
        8254        -71788
       15786        -72046
       13234        -70684
        8697        -71678
        9665        -74962
       13093        -72630
       10267        -74345
       12531        -73513
      -25865        -89763
       10932        -70031
       22213        -68315
       21920        -68586
       11900        -71948
       20981        -68909
      126099        -58541
       10889        -72437
        7637        -71246
       -9594        -49625
       17065        -64865
