       98891        -82734
        8419        -61213
       28640        -53288
       14809        -46702
       11329       -110763
      -53785        -39505
       52773        -45551
       52773        -47412
      -38414       -120461
       85651        -62668
       51463        -52891
      106424        -60858
       12439       -109734
       45755        -48474
      -35575       -114779
       88344        -55708
       33828        -45193
       35494        -52443
       80430       -108229
       21686       -116691
       56666        -79853
      -49332        -86510
       85846        -70728
      -46276       -120531
      -44319       -123290
      -14022       -116748
       81475        -70374
      -48751       -120741
       18703        -93545
      121214       -114245
      119505        -93714
       13434        -77345
      -11487        -89995
       -5963        -70901
       -5711        -71835
       87854        -68628
       -5886        -71168
       -6314        -70950
       98132        -98114
       98272        -97627
       13203        -65268
       12755        -64902
       -4986        -70680
      -12945        -49332
       13745        -71524
        6106        -71637
       14150        -69975
        9830        -70654
        7572        -71960
        8285        -71327
