       20478        -71481
       12568        -70693
       -4384        -72874
       19730        -72336
       14350        -73949
       -1262        -78066
       -3806        -71796
       -2974        -73138
       21481       -120581
       -1494        -67350
       22418       -120237
       -6526        -74553
       -4692        -70528
       18262        -73186
       12225        -72716
       -3790        -71557
        6086        -79778
        5938        -78458
        5658        -78268
       -3815        -73892
       14297        -78224
       14896        -73260
       10255        -70634
       18942        -67081
       13259        -69719
       10860        -71606
       -3549        -73086
       -3164        -72754
       -3839        -72123
       -2332        -68387
       11983        -72630
       18659        -65127
       -7329        -73954
       17546        -60231
       11587        -80280
       12585        -70529
        9158        -98312
       12725        -66980
       -4327        -70122
       -5029        -71588
       -3478        -72847
       13176        -76087
       11309        -80239
        8208        -78025
        7110        -78902
        6848        -78668
        7032        -78606
       -8080        -77281
       13313        -68146
       -4282        -69274
