       -2848        -71516
       18833        -68758
       -3430        -70809
       17486        -63020
       13143        -72229
       -3031        -73079
       -3474        -67360
       -7036        -75125
       -7518        -73659
       -3633        -69414
       -3514        -70022
       -3598        -72135
       -8447        -74757
       -4199        -68559
        3286        -66607
        3636        -66484
        9036        -84266
       -2355        -65056
       -2223        -65278
       17468        -63006
       15851        -69864
       -2169        -65188
        9036        -84266
       12096        -72747
       11639        -70363
        8876        -84713
       12117        -84963
       11175        -79915
       -2151        -65099
        9365        -78797
        5105        -71487
       -3759        -68241
       -2386        -68566
       -2928        -73821
        8192        -75471
        4660        -71374
       -4133        -75057
       -3460        -69888
       11632        -69785
         586        -83288
        5266        -70995
       28585        -67509
       27619        -67210
       -3457        -68683
       -3511        -70290
       -3988        -66117
       -1792        -75843
       -3336        -70897
       21223        -69010
       12575        -78114
