        6836        -72282
       -3910        -70890
        9458        -71950
       -4038        -70981
       17752        -72451
       10018        -70859
       12722        -80709
       10860        -74396
        9674        -75630
       12160        -85378
       17406        -62472
       10407        -73720
       11267        -71615
       10012        -74645
       12018        -79324
       14097        -70154
       -4748        -71882
       12386        -70873
       12366        -79082
       12054        -80555
      -17100        -53530
       -3069        -67162
       19466        -67579
       -4975        -72941
       11882        -73359
       12664        -79241
        6263        -73715
       12003        -71324
       13816        -71345
        7892        -72416
       10270        -71777
        6391        -66406
       -5566        -71551
       -3497        -74201
        9974        -77333
       11638        -68790
       -3154        -72099
       12519        -85907
       11400        -74731
        9479        -76286
       19215        -65239
       -2998        -74179
       -4079        -72126
       10734        -78807
       -3423        -72757
       -4895        -70560
       10865        -73402
        7563        -76861
       13156        -70314
        9868        -74974
