        8996        -78816
       20556        -70382
        6626        -73190
       11842        -71771
        9146        -72118
        9302        -72754
        8900        -78610
       21419        -66961
       12517        -75235
       14421        -70921
        7873        -79263
       12514        -69328
       11131        -71112
       19566        -68215
       11713        -71787
       13330        -67997
       18694        -70851
       11599        -70141
       18723        -71696
       12201        -72315
       12783        -71521
       11923        -72289
        7676        -71424
       11263        -69878
        6050        -71594
       15377        -74678
       19915        -70865
       20456        -63874
       18219        -71377
       10008        -72968
       17946        -71721
        9855        -72599
       13099        -71695
       11501        -72532
       23164        -68926
        8541        -76655
       16007        -73349
        8029        -71553
        5917        -74106
       12244        -71350
       11010        -73177
       10408        -71018
        5314        -73297
      -34712       -121527
       14554        -68249
       13720        -71034
       10117        -75609
        7695        -72894
       10562        -70021
       10084        -74481
