       12638        -71775
        5999        -76154
       -4679        -72922
       -3958        -72868
        -651        -71160
       12183        -72345
       -8885        -50272
       12772        -69280
        2577        -66126
       -3330        -72815
       14056        -71267
       -3605        -73042
       16595        -70181
       10121        -74525
        7259        -70642
       14396        -73207
        9050        -71792
       -1402        -68806
        5436        -72760
       -1096        -68118
       13616        -74375
       12550        -80341
        8306        -72931
        7871        -72224
       14642        -69375
       14338        -70195
        8626        -80143
       19058        -68933
       20315        -68903
       21225        -69203
       -6737        -63726
      -26014        -89691
       -9930        -80015
       12029        -71887
        9827        -71812
       20832        -68837
       -8654        -49318
      -31852        -96224
       -7905        -73798
       -2724        -73938
       20267        -68028
       -3517        -74067
       80604        -71681
       -2999        -72692
       36700       -107859
       -2526        -72061
       10538        -68151
       17352        -78419
        7670        -87003
        8835        -87016
