       -4325        -70241
       -3216        -71595
       -5028        -70220
       -5811        -69814
       -3458        -71509
      -14654        -75360
       -3783        -70725
       -3639        -74678
       -3852        -71082
       -4795        -71080
       -4498        -71180
       -2545        -70605
       -3005        -73614
        5358        -72464
       -4654        -72044
       -4670        -70751
       -5215        -70133
       -4782        -72150
       -3819        -67810
       -2332        -75553
       -3385        -75671
       -2573        -76894
       -3906        -78147
       -5873        -70736
      -14764        -75436
       -3122        -78657
       -2904        -75650
       -4471        -71879
       -3613        -72418
         295        -75622
       -4591        -69739
       -3097        -75058
       -3420        -71568
       -3091        -76857
       -2288        -77426
       -1841        -77658
       -3143        -72977
       -5805        -70245
       -4248        -74776
       -3725        -72360
      -13932        -76795
       -2675        -73387
       -2330        -75702
       -5845        -69992
       -3891        -70919
       -2992        -70387
       -5186        -68006
       -3930        -72169
       -4293        -69869
       -3529        -68848
