       -3228        -73558
       11687        -74014
       -4056        -72453
       11248        -74421
       11840        -79831
       -4250        -73229
       14725        -72950
        4992        -74103
      -19796       -115646
        7688        -72374
        9160        -71791
      -15276        -80015
      -18238       -111729
        7056        -79007
      -19683       -112663
       -4468        -72087
       18099        -72075
       13032        -80408
       -3368        -57560
       -4804        -71853
       11862        -73285
        7791        -71720
       22559        -77754
       11919        -73388
       15974        -73646
       14376        -75863
       11634        -69933
       12683        -66595
       14585        -73575
       13140        -73416
       13114        -71369
       18360        -64893
       21384        -67140
      -18523       -111287
       -6381        -62488
        8523        -72586
       14666        -75429
        8071        -71983
       13889        -75484
       10173        -71407
      -19249        -82945
       17855        -65938
       19687        -67487
      -13704        -81303
       11770        -73330
        7103        -72872
       11004        -74112
       14197        -80347
        7212        -71311
       11346        -72015
