        7096        -70912
        9572        -74933
       11649        -69710
       -2991        -73287
       12290        -73472
       18910        -71813
        9448        -72530
       17888        -62585
       17805        -63417
        8553        -77546
       12079        -72911
       -3093        -73957
       -3238        -69900
       -1993        -71787
       12246        -70059
       16308        -69443
       17814        -67155
       12156        -70268
       -5637        -67402
        5820        -77954
        9317        -73853
      -22350       -115617
      -36540       -114617
       -5202        -68200
         890        -79954
        8986        -79440
        8561        -71234
       -5208        -70683
       -5207        -70743
       -7130        -75052
       -7216        -74146
        9488        -75543
        6786        -71317
       -5043        -70562
       13730        -70396
        8244        -72441
       -4767        -70455
       17946        -73071
       11851        -70999
       -2560        -72315
       -3686        -71021
        8177        -71566
      -21315        -53724
      -21482        -53636
        7755        -70413
       11007        -75760
        8470        -78274
       12653        -70054
        8850        -76250
        7685        -76310
