       -2069        -75862
       -3966        -70846
       -1471        -76344
        3519        -71849
       -3011        -70328
       -4648        -68118
        9361        -71566
       -4480        -68265
       -2582        -73415
       -3104        -68827
       -4698        -70037
       -1615        -76584
       -3756        -68464
       -5439        -68455
       -3158        -74657
       -4535        -68266
       -3255        -68577
       -2671        -75097
       13334        -68353
       -1687        -76778
       -4288        -68842
       -3252        -68770
       -2805        -76169
       -3089        -68560
       -2150        -75357
       -4026        -66073
       -4849        -68314
       -3449        -74988
       -5068        -70012
      -57725       -100220
       -4067        -70148
       -4392        -67922
       -5452        -70389
       -4706        -72268
       -2328        -68773
       -2241        -68311
        3118        -75123
       -5258        -69613
       -3876        -73521
       -4372        -68011
       -5266        -71874
       -3664        -66901
       -2358        -73576
      -48442       -121468
       -3594        -72403
       -4814        -71080
        9060        -75371
       -2938        -73108
        -626        -68752
       -4319        -70731
