        8472        -72914
       -2421        -74424
       -1521        -75319
       -3226        -64904
        2184        -67215
        2640        -66705
        8757        -72063
       18240        -74358
       18016        -74212
       12687        -69801
       13832        -68228
       10886        -70729
       15053        -76700
       12020        -69765
       16168        -71507
       16742        -71603
       11814        -72395
       16771        -68013
       14024        -68790
       12532        -70708
        6415        -78124
        5960        -78695
        6397        -76832
       11291        -72016
       10196        -68853
        5911        -77804
       12361        -71838
       -4512        -71552
       -4510        -71686
       -4215        -71622
       -3108        -72842
       -3231        -73290
       -4163        -71324
       -3970        -71976
       -4221        -72559
       -3864        -71588
       -4148        -71056
       -2611        -74055
       -3648        -72522
       -2819        -70891
       -2708        -73699
       -2142        -74554
       -4202        -72589
       -2648        -74085
       -2837        -73731
       -3330        -72845
       -3242        -72472
       -4680        -71450
       -3571        -72804
       -4855        -70738
