      -34315       -119012
       20056        -56495
      -10871       -115039
       10254        -69075
       15185        -74176
       -4403        -69929
       10206        -75340
       -4604        -68698
       10134        -71259
       12292        -72196
       -2919        -70253
       -3658        -67407
       -3566        -70320
       10686        -80634
        7686       -102242
       14943        -71211
       -8759        -49914
       19783        -69265
       -3640        -68879
       -3974        -70221
       -4208        -70700
       -3334        -65202
       -9989       -110498
       -3351        -69767
       -4894        -67705
       -4054        -69747
        9792        -73431
       12851        -84552
       11394        -68526
       15860        -67683
       -3163        -70018
       -4947        -69356
        9946        -72419
       18270        -65132
       17849        -65508
      -18350        -81070
        9366        -71981
       10737        -73537
       11367        -73633
       13498        -69627
       13415        -71795
        6068        -75723
       16358        -73315
       -4109        -71234
       11943        -73788
       19810        -57699
        8074        -70766
      -50608       -121403
       -2407        -75480
        -896        -76441
