       12408        -68261
        7545        -72718
      -19605        -82622
        6847        -78653
       -4347        -62463
        6639        -78299
      -16335        -79687
      121282       -114933
       13426        -68337
       11071        -72167
      -16384        -80164
       47102        -99324
        9785        -72881
       21677        -66899
      -17180        -80115
       -4561        -72073
        8496        -73299
        7524        -73966
        5015        -73063
       -4438        -71551
      -17185        -79728
       20652        -67742
        9070        -71970
        6072        -74668
       12276        -72359
       18293        -65502
       13017        -79295
      -21209        -81676
       -4540        -69336
       13171        -67123
       21046        -66758
        6898        -74211
        7303        -71206
        8422        -70509
       11759        -75231
       12892        -71401
      118950        -57908
       -3426        -73962
       10358        -84855
       11721        -75172
       12363        -69122
        9381        -73109
       12615        -69965
       12939        -67824
       -2759        -71187
       -4555        -72519
        8235        -75976
        3553        -74464
       -4099        -72008
       17817        -62809
