       18459        -63913
       -3893        -73596
      -59816       -119656
       -3479        -75583
       -2616        -75096
        9307        -78619
       -4793        -68373
       -3991        -70355
       -3386        -69917
       -3821        -72078
       -3376        -67745
       -2969        -67770
       -3030        -67340
       -3621        -67436
       -4910        -67854
       -1601        -77625
       -2830        -74266
       -2950        -73628
       19579        -70632
       17803        -61667
       -3212        -73334
       -2187        -73930
       -3456        -73129
       -2045        -73512
       13128        -71057
       -3580        -73547
       -3259        -72577
       17454        -63436
       13636        -77253
       12719        -69444
        7398        -71368
       -4935        -70293
        9659        -71740
       -4222        -72485
       16846        -62079
       12184        -70980
        6818        -77851
       -2573        -74144
       97319        -98186
       -3603        -71733
       13168        -71279
       18074        -62702
        9957        -71914
        9174        -83595
       -2961        -72721
       -3492        -73145
        8910        -72462
       -4698        -68520
       -4679        -68639
       -3718        -68568
