       -2869        -75501
       -4072        -68319
       -6719        -72532
       -5122        -73032
       -5976        -69875
       -4220        -71236
       -4400        -70153
       -3921        -71470
       -5033        -69893
       -3088        -72946
       -4055        -65196
       -3242        -69602
       -7219        -73937
       -3703        -71140
       -3662        -68537
       -3199        -74375
       -4030        -70148
       -3788        -74591
       -5743        -69292
       -4050        -70044
       -5703        -68087
       -2720        -74220
       -2532        -74426
       -4516        -69797
       -2466        -73815
       -3519        -71093
       -2725        -72391
       -4652        -70721
       -4098        -70684
       -3998        -71218
       -2922        -75724
       -3024        -72217
       -3557        -72476
       -2682        -72852
       -3169        -72427
       -2742        -73923
       -4161        -67086
       -4469        -71983
       -3886        -72719
       -3353        -69619
       -3371        -69619
       -5743        -67805
       -4550        -65559
       -5278        -68022
       -3695        -70322
       -3763        -67869
       11662        -72100
       -3867        -71380
       -3168        -69572
       -2576        -73921
