       10568        -70496
       21829        -70099
        4050        -76998
       18232        -72370
       12123        -71990
       21232        -69706
        8254        -71788
       15786        -72046
       13234        -70684
        8697        -71678
        9665        -74962
       13093        -72630
       10267        -74345
       12531        -73513
      -25865        -89763
       10932        -70031
       22213        -68315
       21920        -68586
       11900        -71948
       20981        -68909
      126099        -58541
       10889        -72437
        7637        -71246
       -9594        -49625
       17065        -64865
       11984        -71279
        9217        -76081
       10700        -72083
        8833        -76369
       23868        -69021
       16632        -64321
       17816        -62720
       16974        -65014
       20485        -72014
       12718        -73659
       10399        -70275
       -1423        -74381
       11536        -70959
       14636        -75964
       11121        -68841
        4628        -73202
       18601        -63467
        8322        -72782
       10205        -83224
        4705        -76202
       11769        -67453
      -17212        -60024
       12489        -73098
       22481        -69053
       10785        -75763
