       -3813        -72703
       -4171        -72172
       -2434        -71986
       -3851        -72614
       -4170        -72217
       -4080        -73450
       -3076        -73868
       -3756        -72776
       -3788        -73178
       -2542        -73667
       -4113        -72394
       -4021        -72289
       -3210        -70628
       -4760        -70930
      -59796       -119776
      -19626        -81118
        5980        -76080
       -3860        -71886
       16843        -77744
        7376        -72542
        8948        -79381
        9247        -72785
       10142        -77435
       -3312        -71343
        8758        -72123
        8387        -76271
       -4337        -72219
       -4363        -71595
       -3575        -71034
        2669        -67566
       -3730        -71943
        3750        -66706
       15366        -73817
       14343        -72006
       13257        -75240
       -4115        -72171
       14998        -76760
       -9226        -49472
       -9186        -76225
       12412        -71482
       12376        -71512
       13364        -72093
       -8979        -50080
       -6494        -69926
       -4049        -71620
       -5496        -63786
       -3967        -64794
       -3301        -69350
       13242        -71248
       -4153        -72097
