       -4400        -71655
      -15893        -80887
      -16005        -82139
      -14800        -82316
      -15641        -81717
       17336        -64372
       10529        -73154
       17537        -64162
       -4509        -73173
       17176        -64878
       15655        -76069
       -4766        -70469
       13959        -76552
        7677        -78463
      -15668        -82373
       20678        -90889
       31572        -60630
        9589        -69187
       13016        -75199
       11831        -69470
       21450        -67999
       13935        -78837
       -4706        -72313
      -16544        -80613
       14977        -69549
        9660        -77323
        5090        -74577
       11883        -72008
        9823        -74336
       -4407        -71060
       18738        -71459
        9184        -70781
      -16292        -59641
      -11064        -57394
       15337        -68773
       11443        -72340
       10036        -72284
        9512        -73197
       19334        -67402
       -4654        -73428
       -3823        -73298
       17816        -73088
        6246        -80607
        9507        -72855
       -4735        -71465
       14585        -76291
        5057        -76227
       11630        -71061
       17587        -63746
       13101        -70419
