       -3599        -72061
       -3756        -69951
       -2435        -71956
        7265        -72558
       -3659        -71704
       -4784        -70514
       -3806        -70353
       -3746        -70694
       -3776        -71275
       -3664        -72716
       -4176        -71785
      -56718       -126096
       -6757       -113313
       -4029        -70282
       -4337        -72204
       12724        -71314
       10440        -74833
       11016        -73622
       -2444        -72670
        5956        -72902
       -6334       -113186
       -3649        -72448
       -4404        -71298
       11088        -73473
       14588        -68055
        1545        -64935
       10363        -70365
       -4950        -70576
       -4313        -71178
        1861        -65035
      -58214       -125241
       17003        -65889
       -3376        -70704
        8255        -73273
       -4085        -71665
       -7494       -113475
       -3635        -72150
       -7916        -62580
       -2918        -73212
       -3514        -71465
       14451        -77316
       14280        -76978
       -2488        -72120
       -2677        -71811
        8868        -72032
       -4654        -70542
       -2282        -66498
       -2415        -72090
       -3564        -71911
        6166        -78885
