       11336        -69803
       -4021        -70861
       -4875        -70634
       -2143        -74435
       -2804        -73463
       -2000        -74077
       -4350        -71163
       -2553        -74233
       -4284        -70538
       -3331        -71314
       28629        -68056
       -2932        -73554
       -2147        -75536
       -3928        -72377
       -2887        -69910
        5722        -74762
       -3091        -74151
       -2752        -73209
       -3114        -69467
       -4329        -68516
       -4166        -69644
       11271        -71942
       -4958        -69922
       -4309        -70032
       -3808        -74428
       -2771        -71678
       -3298        -71001
       -2725        -73848
       40403        -44196
       -3328        -72994
       -3105        -73021
       -3233        -73186
       -3447        -72341
       -3509        -71896
       19626        -69979
       -3525        -70647
       10682        -73538
       -2270        -73248
       -2307        -73248
       -2368        -74275
       -3338        -67819
       13322        -46005
       -2925        -74089
       -2380        -71896
       -1558        -76717
       -3759        -73951
       10517        -69383
       -3050        -70195
       12432        -71600
       18258        -64094
