        5971        -76779
       14068        -70763
      -58362       -125259
       12667        -71137
       -4618        -71925
       -4282        -70761
       17463        -71550
       12602        -68941
        7162        -75975
       10442        -73585
        8099        -71240
        5397        -74009
       11266        -70101
       43910        -47148
       51956        -47095
        9836        -72510
       10507        -83680
       -4543        -70600
        9807        -70313
      -39132       -116590
       11036        -73756
       -4235        -71533
       -4438        -64160
       13647        -73944
       -4391        -72339
      104323        -56876
       -4494        -70094
       18366        -68349
       -3955        -73136
       -2193        -74882
       15268        -69145
       13447        -71379
        9785        -76994
       37331        -44093
      -10319        -71627
       13683        -75234
        5868        -67467
        5903        -73051
       -3455        -71746
        8023        -72548
        7689        -72419
       19035        -67124
       10001        -69568
        2948        -64621
       -4140        -64260
       11008        -73014
       11290        -71941
       -9057        -49709
       14601        -69034
       -4764        -66261
