       11841        -70198
        7732        -71498
        7631        -72271
       22213        -68300
       22299        -69233
       13288        -66098
       11855        -72721
       14583        -76172
        8221        -72085
        5935        -76898
       11441        -72222
       10650        -72558
       19205        -67389
        3603        -75399
       15572        -72613
       10730        -71578
        8077        -75220
       10295        -75042
      -10514        -80603
       11552        -69311
        9638        -74339
        8785        -72761
        6449        -75198
        8385        -71935
       10239        -74999
        8996        -78816
       20556        -70382
        6626        -73190
       11842        -71771
        9146        -72118
        9302        -72754
        8900        -78610
       21419        -66961
       12517        -75235
       14421        -70921
        7873        -79263
       12514        -69328
       11131        -71112
       19566        -68215
       11713        -71787
       13330        -67997
       18694        -70851
       11599        -70141
       18723        -71696
       12201        -72315
       12783        -71521
       11923        -72289
        7676        -71424
       11263        -69878
        6050        -71594
