       12801        -78423
        1897        -64901
       21398        -66798
       -8887        -50079
        9221        -77729
       -8995        -50333
       15367        -76681
       15337        -77156
       -3082        -71994
       15633        -77182
        9273        -74744
       -8775        -50122
       -8022        -73338
       11180        -72002
       -5139        -70266
       -4675        -71807
       15956        -69388
       11278        -80611
       14046        -70540
       15243        -77083
       -7717        -74033
       -7471        -74461
       10087        -71942
       10285        -70054
       13110        -73877
        8350        -73465
       18852        -71680
        -432        -88253
       11554        -69444
       13240        -83344
       -8258        -73668
      101866       -116735
       -6944        -75109
        9251        -75858
       13342        -82689
       11823        -82533
       -1718        -75842
       -2107        -75773
       -3036        -74105
        9039        -69521
       -8948        -51329
       11081        -68619
       -4074        -73926
        1817        -67428
       10645        -80382
       11164        -81770
       12853        -69814
        8980        -80346
       -9139        -48966
       17785        -67807
