       17689        -62973
       17777        -62572
       13594        -74108
       55993        -81974
        9858        -72791
       -1371        -76893
       -3770        -65817
       -9526        -52630
        8268        -71431
       -3002        -68083
       17646        -63997
       20861        -62179
       -1430        -76626
       -1930        -75191
       -1875        -75160
       -2104        -80055
       19275        -62524
       20102        -62099
       -3521        -73814
      -26408       -115272
       -2348        -74379
       19123        -62215
       10969        -74291
       -3068        -77258
       -4442        -69781
       -3491        -67449
       -3205        -65171
       20693        -62033
       -3169        -73854
       -4874        -66277
       -3022        -72350
        8099        -80834
       18128        -62582
       13015        -79147
       -2952        -73420
      -26202       -114374
      -26407       -115317
       -4023        -66326
        9202        -74909
       -2198        -75923
        5138        -75379
       10394        -75531
       -4247        -70552
       11074        -69525
        8922        -73353
       17392        -62843
       -3469        -70631
       -2032        -73036
        7998        -72044
       -4682        -71257
