       -9893        -49345
       -9356        -49370
      -10929        -80014
        9274        -77506
        6483        -74989
       -9152        -49487
       -4976        -72837
       -1470        -69327
       -8984        -49604
       -9187        -49606
       -8834        -49855
       -9785        -49032
       21594        -69138
       -3402        -74348
       -4806        -71734
       -9134        -49397
      -58115        -39260
       -9354        -49563
       -9097        -49367
       -9015        -50214
       10396        -72873
       -9951        -49093
       -9284        -49190
       -3423        -72772
        -266        -69401
       -7457        -68302
       -3617        -72120
       -7746        -73186
       11899        -71830
       10194        -70204
       -5414        -71876
       -9168        -49740
       -9018        -49872
         805        -64899
       17982        -64290
        8482        -72245
      -57227       -125611
       19828        -68449
       18033        -62331
       -9168        -49695
       10668        -69604
       10171        -72698
       12478        -79139
        6943        -70513
        6412        -70950
       -3547        -71748
        7465        -70818
       13163        -69439
       -8998        -50021
       -3473        -73189
