       16930        -70370
        4785        -80672
       -3912        -72154
       17887        -71396
       20891        -71965
       11844        -71875
      -42196       -122069
       11170        -79573
       -4586        -72966
       11317        -79438
       -3280        -73811
       10677        -80011
       -9940        -70908
       10879        -79889
       -8246        -68862
        9158        -71568
       11993        -70552
        7548        -77158
        6889        -77657
        9840        -79651
        8913        -72641
       -9917        -71279
       -9625        -72377
       -9418        -72672
       14230        -76058
       11414        -79793
        7344        -71547
       10744        -72676
       -9428        -71898
       -7877        -74526
      118489       -111012
       10809        -80202
       11229        -79795
        8896        -71379
       -9291        -72477
        9835        -73890
       -9771        -76739
       13240        -69645
       -5023        -66249
        8139        -70037
       -8834        -49811
       -8979        -50080
       19945        -73163
        9769        -83780
       11793        -81776
       12068        -82841
        8471        -71414
        8070        -71850
       10542        -83501
       -4110        -71145
