       18812        -72807
       10376        -82272
       -3676        -73266
       19512        -68335
        8453        -72825
       13552        -69478
       -3260        -73900
       -3300        -73722
        8721        -69258
       -3851        -74027
       10275        -73588
        4855        -74967
       -3486        -73635
       -4072        -72647
       -3659        -73102
       10504        -74060
       -3923        -74162
        7304        -78216
       -3321        -72057
      -14017       -105430
       10558        -69724
        7605        -78554
       13400        -73457
       -4158        -70328
       12233        -80152
       -3228        -73558
       11687        -74014
       -4056        -72453
       11248        -74421
       11840        -79831
       -4250        -73229
       14725        -72950
        4992        -74103
      -19796       -115646
        7688        -72374
        9160        -71791
      -15276        -80015
      -18238       -111729
        7056        -79007
      -19683       -112663
       -4468        -72087
       18099        -72075
       13032        -80408
       -3368        -57560
       -4804        -71853
       11862        -73285
        7791        -71720
       22559        -77754
       11919        -73388
       15974        -73646
