       18025        -66277
       12897        -71757
      -11629        -76154
       10543        -79671
        4834        -76155
      -10965        -77335
       11458        -73483
       10136        -69967
       13231        -65980
        9763        -72629
       13838        -71626
       14430        -73043
        7392        -75155
       -3913        -63157
       -4343        -70315
       15358        -71844
       16679        -72376
        9899        -79947
       21696        -71302
       10538        -80636
       11631        -71180
       10346        -81426
       11581        -79790
       19159        -71068
       14840        -74611
        5631        -74912
       -5962        -72418
       10783        -68459
       15024        -71715
      -12602        -53764
        7122        -74298
       11606        -72086
       -3983        -72422
       -6466        -67695
        9904        -78982
       10640        -71742
       -5766        -70378
       17063        -70605
       11333        -79274
       10841        -71546
       12859        -70259
       12438        -78932
       10082        -74347
       -1791        -74475
        -662        -87751
       11176        -74570
       -1640        -67575
      -11478        -77714
        8956        -78654
       14246        -78551
