        9189        -72577
       -3520        -69561
       -4095        -70892
       -2712        -72004
        7991        -75682
       -4792        -69934
       -2134        -69455
       -2390        -69725
       -2272        -71701
       -3461        -72743
       15181        -68092
       -2305        -74779
       -4927        -70918
       -5527        -70330
       -3409        -68132
       -4019        -69597
       -3371        -71121
       -4116        -70684
       -2499        -74113
       -3864        -67246
       -3979        -71248
       -3375        -70779
       15931        -71822
       -2487        -75005
       -9298        -78845
       99058       -100376
       -2040        -75267
       -1536        -76985
       -4942        -69743
         -93        -76995
       -3756        -71334
       14273        -72318
       -4375        -70673
       -2365        -75895
       11770        -71861
       -3876        -70622
       -3307        -74540
       -2376        -75033
       -3740        -71140
       -3759        -71111
       -4363        -68754
       -3163        -70018
       -3555        -69725
       -4940        -68419
       -2379        -73442
       -2789        -73180
       -4512        -65618
       -3026        -73436
       -2650        -75260
       -3813        -66844
