       13413        -67298
       -3883        -74414
       -3264        -72175
       10831        -83037
       20680        -67030
       -3812        -75528
        8183        -72012
       -3668        -70991
       -4819        -64759
       -4805        -65860
       10364        -76066
       -3933        -66102
       -2309        -75895
       15300        -75806
       -4360        -67490
       -4788        -68774
       -3273        -68636
       -1921        -77242
       16465        -70183
        7230        -71281
       14363        -78980
       -4308        -68709
       -3243        -69483
      -14123        -76396
       -1433        -77741
        7923        -73337
       -4573        -71092
       -2819        -72259
       -2748        -73477
       -3230        -73424
       -4941        -68375
       -1593        -76851
       18924        -67111
       -2415        -74855
       -2935        -69033
       -3802        -69208
       -4515        -69827
       -2219        -74303
       -1996        -74389
       -3807        -70294
       -4617        -69099
       13413        -71617
        -982        -75505
       -3258        -71283
       -2583        -73356
       -2951        -73494
       -3216        -68740
       -2612        -75349
       -3814        -71141
       -2710        -74993
