       -4125        -72826
        6652        -75180
       11097        -72746
       -2333        -68327
        9563        -78363
       14148        -72661
       -4282        -67786
        8798        -72375
        8762        -73830
       10885        -70700
       -3216        -70167
       -3260        -71090
      -28573        -92951
        6313        -78794
        6996        -75963
       13102        -69039
       -3078        -73719
        6773        -75906
       -4220        -68291
       -3841        -71915
       11490        -70232
       12660        -80280
       -3438        -73070
        7833        -72150
       -4813        -78159
        6836        -72282
       -3910        -70890
        9458        -71950
       -4038        -70981
       17752        -72451
       10018        -70859
       12722        -80709
       10860        -74396
        9674        -75630
       12160        -85378
       17406        -62472
       10407        -73720
       11267        -71615
       10012        -74645
       12018        -79324
       14097        -70154
       -4748        -71882
       12386        -70873
       12366        -79082
       12054        -80555
      -17100        -53530
       -3069        -67162
       19466        -67579
       -4975        -72941
       11882        -73359
