        9126        -77538
       10233        -70367
       12195        -81414
        -486        -69597
        9514        -71935
        3650        -64582
       11819        -71356
       12128        -72376
       10873        -71205
       -3214        -74628
       15565        -69215
       -4213        -71771
        5436        -74142
      -10171        -79974
       -3409        -72474
       10783        -74190
       -3090        -71355
       13261        -75522
       22066        -69829
       12189        -84829
        6912        -76603
        6673        -76695
        6746        -78001
       -2388        -66886
       -2293        -67063
        6585        -77023
       12379        -71734
       15958        -72474
       12987        -71593
        1450        -64713
       12772        -72100
       14118        -67453
        -862        -69097
        5709        -75178
        8231        -75664
        5627        -71777
       10909        -82012
        6048        -72856
        9586        -75987
       -4341        -71877
       16557        -67200
        5864        -75740
       11033        -72108
        5149        -76225
        8143        -73245
        9739        -70729
       15740        -74183
       -5472        -64306
      -11728        -79742
        2956        -65334
