        8986        -79440
        8561        -71234
       -5208        -70683
       -5207        -70743
       -7130        -75052
       -7216        -74146
        9488        -75543
        6786        -71317
       -5043        -70562
       13730        -70396
        8244        -72441
       -4767        -70455
       17946        -73071
       11851        -70999
       -2560        -72315
       -3686        -71021
        8177        -71566
      -21315        -53724
      -21482        -53636
        7755        -70413
       11007        -75760
        8470        -78274
       12653        -70054
        8850        -76250
        7685        -76310
      -60548       -122155
       12872        -69858
       12000        -72467
        8277        -76287
        7536        -76208
       12041        -71412
       -5656        -70332
       14546        -73383
       -3181        -67059
      -22407       -115544
       19742        -70348
        4946        -72054
        2007        -64855
       13269        -66113
       13554        -71096
       19054        -70135
       14734        -80399
        9965        -76650
       -5058        -70771
       20479        -70161
        6790        -71614
       -3902        -65596
      -11369        -76180
       -8929        -49544
       -3475        -67256
