        9889        -72316
        8953        -71452
       15360        -66176
       10794        -69320
        6799        -79188
       19425        -67253
        8837        -75314
        9923        -73533
        6970        -71166
       13044        -77247
       15956        -69388
       18840        -70746
        6592        -72032
        6932        -75310
       14209        -73076
        7792        -71853
        6239        -74740
       12194        -71766
        6211        -75394
       17778        -64174
       10858        -79696
       14699        -68039
       11745        -74192
       11353        -73930
       10584        -74504
       11673        -71536
       11189        -74125
       10891        -74010
       11819        -74220
       -2876        -67828
       -3772        -72940
       15362        -69292
       16680        -73859
        9327        -74625
        9898        -79858
      -53389        -91100
        9115        -71168
        7859        -71318
        7660        -71617
        8087        -71745
       19307        -66691
        6948        -70899
      -52667        -91164
      -52910        -90974
       10204        -73797
       12573        -71079
      -52723        -91135
      -52523        -90908
        6483        -76341
      121809       -114425
