       -3513        -71524
       -2487        -73667
       -3607        -71436
       -4203        -71146
       -5336        -67859
       -3954        -70355
       -3517        -75465
       -4119        -74700
       -3861        -74666
       -4224        -68039
       -4618        -67582
      -14365        -76265
       -4329        -71416
       -3997        -71292
       -3393        -72236
       -3196        -73200
       -5498        -69676
       -4131        -69510
       16859        -63176
       -4074        -71115
       -2554        -72746
       -3922        -69953
       -4338        -67728
       -3051        -67161
       -4667        -69561
       -2069        -75862
       -3966        -70846
       -1471        -76344
        3519        -71849
       -3011        -70328
       -4648        -68118
        9361        -71566
       -4480        -68265
       -2582        -73415
       -3104        -68827
       -4698        -70037
       -1615        -76584
       -3756        -68464
       -5439        -68455
       -3158        -74657
       -4535        -68266
       -3255        -68577
       -2671        -75097
       13334        -68353
       -1687        -76778
       -4288        -68842
       -3252        -68770
       -2805        -76169
       -3089        -68560
       -2150        -75357
