        9499        -70821
        8225        -70957
        9453        -72975
       17409        -64252
       -1713        -71992
         888        -65656
       16335        -73003
       -3771        -71661
        8157        -75620
       10929        -82100
       11019        -81936
        7630        -76370
       13099        -70241
       12135        -68606
        8138        -71418
        8654        -75436
       -4505        -72087
       -4188        -70864
       -4567        -71612
      -58025       -104565
      114101        -79050
       -4122        -71651
       14784        -77356
       18994        -68311
        9902        -81462
       14000        -74102
      -10676        -57374
       -4426        -71075
       12559        -75591
       13020        -75451
       -3739        -72672
       14111        -71237
       -2492        -67482
       13205        -75463
       10157        -74421
       13180        -74974
       -4723        -72373
       22221        -68967
       -4230        -71875
       -4135        -72097
        6434        -78183
        6431        -75213
       -3760        -71037
       20206        -61520
       12086        -87918
        6116        -76539
       -4605        -71523
       -4523        -72117
       -4003        -72274
       -4844        -71601
