       10860        -71606
       -3549        -73086
       -3164        -72754
       -3839        -72123
       -2332        -68387
       11983        -72630
       18659        -65127
       -7329        -73954
       17546        -60231
       11587        -80280
       12585        -70529
        9158        -98312
       12725        -66980
       -4327        -70122
       -5029        -71588
       -3478        -72847
       13176        -76087
       11309        -80239
        8208        -78025
        7110        -78902
        6848        -78668
        7032        -78606
       -8080        -77281
       13313        -68146
       -4282        -69274
       14623        -74970
       14620        -74747
       10016        -81653
        9142        -74568
       -3809        -71543
       10247        -74271
       21738        -70204
       14684        -75384
      -29719        -96593
       17155        -63172
        8473        -71562
       29393       -108964
       17226        -71775
        8745        -75390
       17458        -63747
        9679        -76016
       17786        -63343
       11828        -70673
        6236        -73091
        5859        -72517
       -3867        -69893
       12997        -70955
        9415        -72901
       -5342        -74522
        5788        -79604
