       14102        -73389
       -3206        -72397
       -4175        -71890
        7045        -74120
       -4078        -72230
       -1559        -75245
        9909        -72420
       -3169        -69527
       -3814        -66769
       -2952        -74803
       -3666        -71199
       -4742        -69488
       -4104        -68691
       -4060        -74952
       -5001        -69446
       -4433        -70510
       -4257        -69823
       -4312        -69794
       -3596        -70856
       -2364        -73130
       -3095        -70954
       -2929        -75219
       -9432        -61036
       -2523        -73742
       11374        -72757
       -5463        -69526
       11026        -70119
       -3550        -71525
       -3129        -69779
       -1885        -73005
      120779       -113784
       -3510        -71777
       21054       -114537
       -2186        -74005
       -4631        -69456
       -3138        -71950
       -3360        -71909
       -2507        -73518
       -2717        -74428
        4979        -75945
        9934        -72924
       -4164        -69867
       -4937        -70159
       -3365        -70124
       -3815        -71127
       -2726        -73774
        5062        -77979
       -2476        -77235
       -4640        -70260
       -4511        -70154
