       -5008        -65892
        8076        -72355
       13368        -69570
      -50190       -123983
        8286        -74223
       12619        -70292
       -2718        -72971
       -4338        -70657
       -3639        -67481
       21820        -69402
       -9375        -71734
       12784        -67232
        4249        -76668
       10761        -71072
       10784        -72839
        9773        -71931
       13466        -72848
       10632        -69694
       -4145        -72752
        6401        -74352
       11658        -73228
       11571        -72249
       -2479        -72834
       -4028        -64393
       -6928        -77697
      -34315       -119012
       20056        -56495
      -10871       -115039
       10254        -69075
       15185        -74176
       -4403        -69929
       10206        -75340
       -4604        -68698
       10134        -71259
       12292        -72196
       -2919        -70253
       -3658        -67407
       -3566        -70320
       10686        -80634
        7686       -102242
       14943        -71211
       -8759        -49914
       19783        -69265
       -3640        -68879
       -3974        -70221
       -4208        -70700
       -3334        -65202
       -9989       -110498
       -3351        -69767
       -4894        -67705
