        7543        -74025
       11330        -79066
       -4007        -71962
      120173       -114045
       95040       -116864
        4949        -76436
        4135        -76432
       19354        -61411
       13382        -67729
       19548        -60593
       17223        -70158
       -1603        -77461
       -3209        -73602
       -4298        -65035
       11173        -71512
      120418       -115242
       -4325        -67281
       16783        -61427
       -6063        -73223
       -1867        -74372
       -2489        -73518
       20453        -62051
       11251        -73248
       -1647        -74221
       12938        -70658
        4269        -76802
       16619        -77598
       -4096        -70803
       98187        -66525
       18670        -63036
       -2247        -72162
       10681        -76240
       16767        -61694
       18379        -63440
       17508        -63331
       -2376        -69309
        7132        -70882
       -3311        -75655
       -2993        -70313
      -22836       -104654
      -46720       -119492
       -3218        -71461
       14895        -70351
      -47341       -119937
       -4301        -72114
       -3967        -69344
       21101        -63629
        7030        -93593
       -2743        -72481
       17168        -62742
