       35494        -52488
       -3814        -72569
       -3783        -72108
       -3577        -72343
       -3817        -72346
       -3741        -72523
       -4285        -73348
       -4227        -70656
        7030        -75784
       12611        -75338
       10097        -72714
       17605        -63671
        7566        -71544
       -4043        -66177
        4826        -74150
       12210        -68709
        6843        -72816
       16964        -71541
       18656        -60307
       -5333        -65108
       -4411        -70733
       13875        -75796
       -4360        -71892
       16592        -71383
       -3931        -70712
       -3661        -67154
       -3729        -67646
       13799        -71404
        6264        -73834
       -3942        -66890
       -3977        -71411
       -3975        -73032
       -3111        -74032
       -3469        -73546
       -3156        -67594
       -4965        -67899
       12065        -68948
       -2837        -72318
       17265        -74741
       10724        -71132
      -42426       -124569
       19531        -65368
      -10552       -110076
       -4354        -70910
       15357        -74544
        7311        -76003
      -11489       -109348
        6267        -75393
        9425        -75009
        7465        -73669
