      -60548       -122155
       12872        -69858
       12000        -72467
        8277        -76287
        7536        -76208
       12041        -71412
       -5656        -70332
       14546        -73383
       -3181        -67059
      -22407       -115544
       19742        -70348
        4946        -72054
        2007        -64855
       13269        -66113
       13554        -71096
       19054        -70135
       14734        -80399
        9965        -76650
       -5058        -70771
       20479        -70161
        6790        -71614
       -3902        -65596
      -11369        -76180
       -8929        -49544
       -3475        -67256
       18025        -66277
       12897        -71757
      -11629        -76154
       10543        -79671
        4834        -76155
      -10965        -77335
       11458        -73483
       10136        -69967
       13231        -65980
        9763        -72629
       13838        -71626
       14430        -73043
        7392        -75155
       -3913        -63157
       -4343        -70315
       15358        -71844
       16679        -72376
        9899        -79947
       21696        -71302
       10538        -80636
       11631        -71180
       10346        -81426
       11581        -79790
       19159        -71068
       14840        -74611
