       -3580        -73547
       -3259        -72577
       17454        -63436
       13636        -77253
       12719        -69444
        7398        -71368
       -4935        -70293
        9659        -71740
       -4222        -72485
       16846        -62079
       12184        -70980
        6818        -77851
       -2573        -74144
       97319        -98186
       -3603        -71733
       13168        -71279
       18074        -62702
        9957        -71914
        9174        -83595
       -2961        -72721
       -3492        -73145
        8910        -72462
       -4698        -68520
       -4679        -68639
       -3718        -68568
        7210        -72559
       -4944        -69624
       -3769        -68880
       -4024        -70683
       14158        -61561
       14923        -71123
       19316        -71807
       -4664        -65293
       -3807        -68836
       -4055        -68230
        9721        -79103
       17518        -62560
       -3538        -68104
       -1791        -74520
       -1892        -69585
        9203        -80417
       -3323        -71938
       17438        -63614
       -1528        -74814
       -2860        -73374
       -2045        -69216
       17676        -61906
       28421        -48269
       -2416        -73428
       -4265        -70627
