       17561        -63108
       11647        -84450
       18901        -71116
       10494        -73303
       13805        -73333
       11205        -72536
       10147        -73664
       -4391        -69424
        8185        -80372
       12699        -80398
        9127        -78933
       11898        -80038
        6233        -78394
       -4545        -70437
       -3887        -69819
      -20042       -106887
       -4321        -69140
       13583        -71897
        8632        -75228
       -3800        -70799
       10226        -71243
       12577        -72771
        6467        -72375
       12212        -71707
       18638        -70822
        7096        -70912
        9572        -74933
       11649        -69710
       -2991        -73287
       12290        -73472
       18910        -71813
        9448        -72530
       17888        -62585
       17805        -63417
        8553        -77546
       12079        -72911
       -3093        -73957
       -3238        -69900
       -1993        -71787
       12246        -70059
       16308        -69443
       17814        -67155
       12156        -70268
       -5637        -67402
        5820        -77954
        9317        -73853
      -22350       -115617
      -36540       -114617
       -5202        -68200
         890        -79954
