        4269        -76802
       16619        -77598
       -4096        -70803
       98187        -66525
       18670        -63036
       -2247        -72162
       10681        -76240
       16767        -61694
       18379        -63440
       17508        -63331
       -2376        -69309
        7132        -70882
       -3311        -75655
       -2993        -70313
      -22836       -104654
      -46720       -119492
       -3218        -71461
       14895        -70351
      -47341       -119937
       -4301        -72114
       -3967        -69344
       21101        -63629
        7030        -93593
       -2743        -72481
       17168        -62742
       18459        -63913
       -3893        -73596
      -59816       -119656
       -3479        -75583
       -2616        -75096
        9307        -78619
       -4793        -68373
       -3991        -70355
       -3386        -69917
       -3821        -72078
       -3376        -67745
       -2969        -67770
       -3030        -67340
       -3621        -67436
       -4910        -67854
       -1601        -77625
       -2830        -74266
       -2950        -73628
       19579        -70632
       17803        -61667
       -3212        -73334
       -2187        -73930
       -3456        -73129
       -2045        -73512
       13128        -71057
