       -3040        -73763
       10500        -69473
       -4158        -73198
       -2377        -74974
       -4017        -72631
       20046        -58912
       -3403        -72891
       -2152        -73766
       -3052        -72871
       -2032        -74479
       10992        -73192
       10737        -73493
       10849        -73610
       -3439        -72951
       11327        -73411
       10304        -74359
       -2747        -74919
       -2699        -74398
       -3388        -72623
       -2875        -72259
       11205        -72536
        8744        -79355
       -4134        -72157
       -4093        -72498
       -2687        -73907
       10352        -70914
        9356        -69725
       -3538        -72491
       11091        -79144
       -4833        -71065
       -2904        -72840
       -2564        -74783
       -3604        -71674
       -3463        -73947
       -3476        -73011
       -3086        -75875
       -3591        -72655
       -3314        -72607
       -3557        -72462
       -3503        -75167
       -3463        -72579
       -3937        -71663
       -4390        -70970
       -4499        -69648
       -2940        -74357
       -4724        -70915
       -4509        -71790
       -3422        -74289
       -5179        -69984
       -5180        -69954
