       11490        -73126
       12557        -72652
       11397        -67294
       10831        -70789
       -9727        -49314
        7651        -72390
       -5469        -70493
       -8799        -49647
       10986        -71322
       46046        -51457
        2653        -74936
        7818        -75194
        8964        -79188
        8039        -73766
        6533        -71721
       -4301        -70701
       -4460        -71239
       -4414        -70569
       -4804        -70396
       -4644        -71390
       -4435        -71789
       -4243        -72351
       -3887        -74116
       -3677        -71720
       -3691        -70694
       -3599        -72061
       -3756        -69951
       -2435        -71956
        7265        -72558
       -3659        -71704
       -4784        -70514
       -3806        -70353
       -3746        -70694
       -3776        -71275
       -3664        -72716
       -4176        -71785
      -56718       -126096
       -6757       -113313
       -4029        -70282
       -4337        -72204
       12724        -71314
       10440        -74833
       11016        -73622
       -2444        -72670
        5956        -72902
       -6334       -113186
       -3649        -72448
       -4404        -71298
       11088        -73473
       14588        -68055
