        5181        -73031
       17849        -57691
       -4160        -68662
       98891        -82734
        8419        -61213
       28640        -53288
       14809        -46702
       11329       -110763
      -53785        -39505
       52773        -45551
       52773        -47412
      -38414       -120461
       85651        -62668
       51463        -52891
      106424        -60858
       12439       -109734
       45755        -48474
      -35575       -114779
       88344        -55708
       33828        -45193
       35494        -52443
       80430       -108229
       21686       -116691
       56666        -79853
      -49332        -86510
       85846        -70728
      -46276       -120531
      -44319       -123290
