       12484        -71332
       -3259        -71194
       14054        -68210
       -3430        -72252
       -8785        -78511
      -56922       -126055
       21292        -67185
      -57033       -126087
       -2668        -72539
       -4199        -71414
       -3811        -71394
       11649        -71106
       -3272        -73023
       -3127        -71385
       -2627        -72836
       -4400        -71640
        8665        -74886
       -3851        -68227
       -3170        -69483
        2905        -65661
       -4206        -72292
       -4438        -72993
       -4153        -72157
       -4744        -72224
       -3252        -71714
       -3813        -72703
       -4171        -72172
       -2434        -71986
       -3851        -72614
       -4170        -72217
       -4080        -73450
       -3076        -73868
       -3756        -72776
       -3788        -73178
       -2542        -73667
       -4113        -72394
       -4021        -72289
       -3210        -70628
       -4760        -70930
      -59796       -119776
      -19626        -81118
        5980        -76080
       -3860        -71886
       16843        -77744
        7376        -72542
        8948        -79381
        9247        -72785
       10142        -77435
       -3312        -71343
        8758        -72123
