        8876        -84713
       12117        -84963
       11175        -79915
       -2151        -65099
        9365        -78797
        5105        -71487
       -3759        -68241
       -2386        -68566
       -2928        -73821
        8192        -75471
        4660        -71374
       -4133        -75057
       -3460        -69888
       11632        -69785
         586        -83288
        5266        -70995
       28585        -67509
       27619        -67210
       -3457        -68683
       -3511        -70290
       -3988        -66117
       -1792        -75843
       -3336        -70897
       21223        -69010
       12575        -78114
      -21458       -114796
      -22395       -115201
      126360       -116331
       10461        -72205
       -7057        -72180
       16885        -62226
       11514        -74937
       -3649        -71080
       11377        -81085
       12604        -71969
      126765       -115225
       17754        -72584
       10320        -72785
       16678        -61977
       12081        -70180
       12199        -85511
       -3812        -68405
        9082        -83626
        8827        -83942
        8607        -84064
       -3783        -69223
       -2157        -66110
      126374       -116067
      -49340       -121948
        8340        -83503
