       19767        -73729
        9228        -72681
       17139        -63336
       16475        -72349
        9459        -77548
       -3686        -72508
      -49552       -122475
      -17590        -81223
       10842        -83779
       11821        -71549
       -2343        -74706
       17372        -64327
       10733        -73240
       13527        -70399
       16069        -65129
       -3223        -72487
        5995        -78561
        5186        -76210
       -2731        -74741
       -3114        -73809
       17723        -62676
       -1456        -77400
      -61174       -125282
      104015        -95785
       -3269        -71863
       -2848        -71516
       18833        -68758
       -3430        -70809
       17486        -63020
       13143        -72229
       -3031        -73079
       -3474        -67360
       -7036        -75125
       -7518        -73659
       -3633        -69414
       -3514        -70022
       -3598        -72135
       -8447        -74757
       -4199        -68559
        3286        -66607
        3636        -66484
        9036        -84266
       -2355        -65056
       -2223        -65278
       17468        -63006
       15851        -69864
       -2169        -65188
        9036        -84266
       12096        -72747
       11639        -70363
