       13519        -69790
        8329        -71831
       17164        -71301
       10587        -69100
        6194        -72706
      -47637       -120959
        6040        -80462
       17869        -64098
       13699        -69387
       17457        -73908
       12601        -70366
       13521        -69968
       -3824        -70353
        9542        -72692
       17773        -63818
        8730        -72851
       12357        -71467
        9510        -74459
       13610        -71125
        8508        -87407
       10782        -72690
       16878        -70623
        6355        -75051
       13242        -80880
        6501        -77692
       13767        -68941
       -9745        -49314
       -8867        -50213
        9945        -81906
       13229        -71738
        5647        -80125
        6387        -74694
        1828        -66819
       -4697        -70112
        9629        -72230
       14259        -68341
       -4683        -71197
       17022        -71763
        7437        -70105
        7770        -70116
        9234        -71760
       12900        -67646
       10292        -85435
       18402        -69728
       12538        -71213
       -2922        -43594
       13678        -70693
       -3580        -73473
       10649        -79328
       12088        -69289
