       12494        -70679
       10055        -72329
       18323        -70812
       -7282        -74727
       43602        -44061
       10277        -70871
       11388        -70946
       -6892        -74870
        9371        -72367
       -5170        -70727
       14035        -72544
        8817        -73830
       -2912        -73658
       -3353        -73916
       -2408        -74023
       13638        -71837
       -2086        -71758
       11906        -72379
        -801        -69572
       14872        -74269
       -3570        -72833
       30058        -69904
       12665        -69564
       10400        -71805
       -3261        -72443
      -10946        -77395
       -4316        -70940
      -20841        -88004
       12911        -67082
       -8929        -49544
       11925        -72438
       15446        -75686
       11644        -67810
       12890        -76848
       11826        -76135
       -4828        -72865
       -9391        -49593
        8730        -72821
       -3880        -71811
       11904        -76446
       -4448        -72235
        7230        -72692
       -9674        -49060
       14618        -76038
       13709        -74462
       98295        -91000
       11462        -73780
       11539        -69756
        -432        -69478
       -9970        -49078
