        9763        -78138
        8813        -72092
        7195        -77015
       11373        -71243
       11092        -72419
        7855        -73828
       11027        -74454
       12140        -73296
        9984        -76709
        7512        -70164
       13615        -71525
        8126        -78814
       19140        -66663
       15829        -66704
        5977        -75858
       21801        -67890
        5373        -73548
       12446        -71244
        8520        -70879
      121442       -113567
       15398        -66235
       15716        -73753
       16300        -68835
       14622        -67818
        8740        -72168
       11841        -70198
        7732        -71498
        7631        -72271
       22213        -68300
       22299        -69233
       13288        -66098
       11855        -72721
       14583        -76172
        8221        -72085
        5935        -76898
       11441        -72222
       10650        -72558
       19205        -67389
        3603        -75399
       15572        -72613
       10730        -71578
        8077        -75220
       10295        -75042
      -10514        -80603
       11552        -69311
        9638        -74339
        8785        -72761
        6449        -75198
        8385        -71935
       10239        -74999
