       14460        -72479
        5790        -74330
       -3934        -73344
      -15307        -81757
       -3361        -71849
       20660        -71315
       14393        -71634
      -17895        -80587
        6116        -72395
       -2862        -73285
       10529        -71773
      -16248        -81964
       13718        -84420
       13092        -68193
       -2168        -75358
       16635        -71857
       11234        -73338
      -11079       -109504
       15313        -76785
        8715        -78612
      -11363       -109167
       14447        -74260
        4785        -78028
       -2475        -74544
       -2857        -72214
       11733        -69041
       11758        -69531
        8338        -71133
       -9874       -109647
       11995        -70715
      -11020        -76056
       16268        -64815
       -4195        -65822
       10270        -80031
       -4909        -70873
      -16926        -81080
       17201        -72754
       13579        -71555
      -50229       -121860
       11152        -74125
        6597        -77944
      -11283        -77102
        7661        -71736
        6620        -79607
        1088        -80858
        6298        -79077
        6932        -79380
        6463        -78970
        7020        -79067
       -3013        -71577
