       -2841        -73448
       21817        -73435
       -4063        -70475
       -3917        -70355
       -4217        -71503
       10362        -70261
        7659        -75731
       -3645        -71362
       14191        -68787
       -3218        -72918
       -3916        -70459
        5967        -77819
        8431        -75424
       14939        -75129
       10705        -72513
        9357        -78173
       21421        -67154
        1729        -80403
        8498        -70612
       -3212        -71922
       11639        -71774
       -3660        -73028
       -4187        -70923
       -3801        -72152
       -3739        -71274
      -17998        -52586
       18980        -71574
       14981        -74134
       -4584        -70259
       13593        -69834
       13505        -71571
       10893        -71279
       12331        -72343
        9446        -77919
       12478        -67963
       21629        -70383
        1646        -65573
        1035        -65521
       -3141        -73095
       10102        -81221
       10645        -70747
        9975        -76012
       -4573        -71121
       -4079        -69256
       14438        -74987
        6929        -72325
        8991        -78520
       10722        -81910
        7765        -71170
       -4473        -73128
