      -17556       -111583
      -17401       -110925
      -18067       -111949
       -3890        -72466
       -4208        -73600
        7562        -75391
       11095        -75373
       10709        -71355
       12468        -71525
       17596        -62960
       -2357        -75063
        8189        -71061
       36387        -54594
      -18358       -112267
        7804        -71304
       -4135        -72068
       -4339        -73498
       -2629        -74100
       -2539        -73876
       -3823        -71900
      -16584       -110002
        9453        -74356
       -2769        -74696
       13404        -70920
       17356        -66018
        8786        -71469
       -3748        -69074
       -3713        -74635
       -1453        -76255
       -3782        -73624
       10850        -69409
       24282        -70972
        2077        -74692
       11925        -73863
        7809        -73145
       13648        -68275
       -3971        -73300
       -3526        -74766
       11064        -73073
       -4137        -71934
       16228        -78731
       -3911        -72213
       -2036        -74166
       15132        -77085
       -1383        -75971
       12617        -71583
        7677        -78419
        7183        -80163
        6745        -80630
        5579        -73739
