       21554        -62897
       -4195        -71726
       -4699        -71391
       -5148        -68080
       -3939        -68645
       -4391        -67996
       -5430        -67682
       -4284        -69155
       -3157        -69021
       -3651        -69414
      -61139       -125176
       19883        -62324
        7872        -75104
      -43034        -64712
       10693        -70108
       -5112        -68020
       -2855        -73805
       -3154        -69230
       -1434        -76314
       -4002        -69478
       -2738        -74235
       12839        -68701
        1675        -66434
       11615        -69918
       -4061        -69182
        5181        -73031
       17849        -57691
       -4160        -68662
