       10352        -70914
        9356        -69725
       -3538        -72491
       11091        -79144
       -4833        -71065
       -2904        -72840
       -2564        -74783
       -3604        -71674
       -3463        -73947
       -3476        -73011
       -3086        -75875
       -3591        -72655
       -3314        -72607
       -3557        -72462
       -3503        -75167
       -3463        -72579
       -3937        -71663
       -4390        -70970
       -4499        -69648
       -2940        -74357
       -4724        -70915
       -4509        -71790
       -3422        -74289
       -5179        -69984
       -5180        -69954
       -3096        -75177
       -5330        -69763
       -4641        -70126
       -3163        -75638
       -2819        -75128
       -5069        -69953
       -4497        -69812
       -4185        -71072
       -4141        -70149
       -4083        -70386
       -4133        -73644
       -2547        -76076
       -3270        -74614
       -4627        -71271
       -4144        -74209
       -5000        -70993
       13881        -76256
       -3574        -72551
       -5079        -72065
       -4291        -72902
       -2948        -75145
       -5051        -69923
       -4956        -70070
       -4706        -70826
       -4881        -70144
