       -3614        -70901
       10955        -71812
       -5007        -70443
      -48218       -124559
        9606        -81451
       -3859        -72004
       -5065        -70235
        8658        -78480
       -4006        -72051
       -4888        -71051
       -4172        -72053
        9154        -72682
       -2921        -71576
       -4982        -70993
       -3082        -72009
      -10734        -55455
       20185        -71766
       -3002        -72425
       12258        -75239
       -4458        -71432
       -2399        -73279
       -4367        -71357
        6600        -72597
       -3851        -72614
        9060        -75400
       -2841        -73448
       21817        -73435
       -4063        -70475
       -3917        -70355
       -4217        -71503
       10362        -70261
        7659        -75731
       -3645        -71362
       14191        -68787
       -3218        -72918
       -3916        -70459
        5967        -77819
        8431        -75424
       14939        -75129
       10705        -72513
        9357        -78173
       21421        -67154
        1729        -80403
        8498        -70612
       -3212        -71922
       11639        -71774
       -3660        -73028
       -4187        -70923
       -3801        -72152
       -3739        -71274
