       -7457        -68302
       -3617        -72120
       -7746        -73186
       11899        -71830
       10194        -70204
       -5414        -71876
       -9168        -49740
       -9018        -49872
         805        -64899
       17982        -64290
        8482        -72245
      -57227       -125611
       19828        -68449
       18033        -62331
       -9168        -49695
       10668        -69604
       10171        -72698
       12478        -79139
        6943        -70513
        6412        -70950
       -3547        -71748
        7465        -70818
       13163        -69439
       -8998        -50021
       -3473        -73189
       -4613        -61827
       10904        -73535
       -8757        -50122
       -2959        -74297
        6781        -73753
       -2324        -74735
       16500       -124325
       -4322        -71966
       10746        -71355
       10728        -72839
       13762        -72829
        9618        -79684
       -4137        -71978
        8058        -76542
       -2608        -74293
        8518        -88045
        8838        -72612
       -8688        -49601
       18874        -71946
       21351        -71751
       -3581        -70573
        6876        -76662
       -4601        -70348
       -3967        -73657
        8452        -72810
