       10188        -72564
      -18879       -106734
      -18383       -107589
        8774        -78834
       -4140        -74506
       21967        -63337
        7460        -73313
       10221        -72237
       13349        -70965
       -2256        -74288
       -3940        -71411
       11484        -68362
      -22122       -114913
        5436        -76875
       13764        -68704
       15016        -76686
        7367        -70463
       -3982        -71084
       11084        -70341
        6707        -75105
        6559        -75092
       -4375        -70717
       -3090        -72753
       -4278        -72441
       -3905        -71306
        5971        -76779
       14068        -70763
      -58362       -125259
       12667        -71137
       -4618        -71925
       -4282        -70761
       17463        -71550
       12602        -68941
        7162        -75975
       10442        -73585
        8099        -71240
        5397        -74009
       11266        -70101
       43910        -47148
       51956        -47095
        9836        -72510
       10507        -83680
       -4543        -70600
        9807        -70313
      -39132       -116590
       11036        -73756
       -4235        -71533
       -4438        -64160
       13647        -73944
       -4391        -72339
