       14565        -72032
       14194        -67600
       -8839        -49305
       -9839        -49226
       -3763        -72211
       -3249        -73365
       18904        -72777
       -3669        -72374
        8095        -72354
          73        -69991
       -3591        -71257
       12596        -79613
        9299        -75264
       88678        -99300
       15094        -76981
        8940        -76115
       13289        -72064
       17632        -70316
        8903        -71913
        8545        -72794
      -17605        -78766
       -5709        -67596
       11351        -70931
       10221        -70812
        6107        -77282
       -8786        -49036
       12424        -69537
       -3628        -72656
       -1924        -67014
       13179        -80362
       12010        -71858
        6309        -77145
       -3821        -72063
      -47013       -120679
      -56645       -126035
       12135        -74320
        9070        -71985
       21504        -69288
       -3028        -74655
       21949        -69416
       -2915        -74847
       11352        -71005
        8877        -87342
       11811        -76373
       16283        -65987
       14445        -69897
        4448        -63221
       13252        -67716
       15547        -74942
       11927        -75377
