       14000        -74102
      -10676        -57374
       -4426        -71075
       12559        -75591
       13020        -75451
       -3739        -72672
       14111        -71237
       -2492        -67482
       13205        -75463
       10157        -74421
       13180        -74974
       -4723        -72373
       22221        -68967
       -4230        -71875
       -4135        -72097
        6434        -78183
        6431        -75213
       -3760        -71037
       20206        -61520
       12086        -87918
        6116        -76539
       -4605        -71523
       -4523        -72117
       -4003        -72274
       -4844        -71601
       -4047        -73197
       12959        -85663
       -4746        -70618
       11870        -69574
       -4196        -71652
       18284        -72073
       -3771        -71631
        7653        -73904
       -3961        -71232
       18856        -66103
       10340        -71434
       -2440        -72982
       -3786        -71914
       -3378        -73411
        5579        -72372
       -3766        -72018
       -4359        -71922
       -4839        -71973
       -3784        -72048
        5897        -37331
       -3425        -72623
       -4598        -70616
       11612        -69711
       -2097        -73721
       -2694        -71945
