        8387        -76271
       -4337        -72219
       -4363        -71595
       -3575        -71034
        2669        -67566
       -3730        -71943
        3750        -66706
       15366        -73817
       14343        -72006
       13257        -75240
       -4115        -72171
       14998        -76760
       -9226        -49472
       -9186        -76225
       12412        -71482
       12376        -71512
       13364        -72093
       -8979        -50080
       -6494        -69926
       -4049        -71620
       -5496        -63786
       -3967        -64794
       -3301        -69350
       13242        -71248
       -4153        -72097
       -3900        -71678
       -4173        -71979
       -4250        -71757
       -4011        -70222
       10553        -76360
       10542        -80918
      -15991        -80471
       -3303        -72072
       -4064        -73301
       18775        -71443
       24572        -71946
        8846        -77334
       -4673        -64594
       10867        -73595
       10966        -69793
       -3589        -72834
        9408        -75143
       -3008        -71993
       -3183        -71356
       -4301        -64768
       13524        -73055
       -3770        -71676
       25181        -68974
       -4082        -71918
       18386        -68527
