       -3661        -67154
       -3729        -67646
       13799        -71404
        6264        -73834
       -3942        -66890
       -3977        -71411
       -3975        -73032
       -3111        -74032
       -3469        -73546
       -3156        -67594
       -4965        -67899
       12065        -68948
       -2837        -72318
       17265        -74741
       10724        -71132
      -42426       -124569
       19531        -65368
      -10552       -110076
       -4354        -70910
       15357        -74544
        7311        -76003
      -11489       -109348
        6267        -75393
        9425        -75009
        7465        -73669
       14460        -72479
        5790        -74330
       -3934        -73344
      -15307        -81757
       -3361        -71849
       20660        -71315
       14393        -71634
      -17895        -80587
        6116        -72395
       -2862        -73285
       10529        -71773
      -16248        -81964
       13718        -84420
       13092        -68193
       -2168        -75358
       16635        -71857
       11234        -73338
      -11079       -109504
       15313        -76785
        8715        -78612
      -11363       -109167
       14447        -74260
        4785        -78028
       -2475        -74544
       -2857        -72214
