        8463        -69335
       14551        -68011
       -3786        -70487
       13125        -67881
        5527        -72611
       10033        -70636
       10826        -70389
       18112        -62746
        4596        -76367
       10885        -78969
       10470        -68597
       10631        -79388
        5667        -80244
       10050        -70517
        7051        -75932
       12028        -75999
       13081        -74500
        5511        -74185
        6563        -76786
       10774        -73537
       -7662        -73958
       12950        -68684
        7245        -70984
       10871        -85798
       -4366        -71401
       13228        -71649
       -2981        -72618
       12903        -69368
       -3384        -65664
       17593        -71548
       -2148        -66823
       10702        -75052
       13630        -80815
       12676        -71879
       -3935        -73225
        5714        -76931
        6523        -76608
       12400        -78844
       12675        -78706
       10351        -72310
       12075        -79412
       -5672        -59847
       17208        -67474
       13331        -71010
        7999        -72103
       12938        -78940
       13678        -69224
       -3722        -69713
       -9656        -71410
       14334        -66931
