       -4613        -61827
       10904        -73535
       -8757        -50122
       -2959        -74297
        6781        -73753
       -2324        -74735
       16500       -124325
       -4322        -71966
       10746        -71355
       10728        -72839
       13762        -72829
        9618        -79684
       -4137        -71978
        8058        -76542
       -2608        -74293
        8518        -88045
        8838        -72612
       -8688        -49601
       18874        -71946
       21351        -71751
       -3581        -70573
        6876        -76662
       -4601        -70348
       -3967        -73657
        8452        -72810
       14565        -72032
       14194        -67600
       -8839        -49305
       -9839        -49226
       -3763        -72211
       -3249        -73365
       18904        -72777
       -3669        -72374
        8095        -72354
          73        -69991
       -3591        -71257
       12596        -79613
        9299        -75264
       88678        -99300
       15094        -76981
        8940        -76115
       13289        -72064
       17632        -70316
        8903        -71913
        8545        -72794
      -17605        -78766
       -5709        -67596
       11351        -70931
       10221        -70812
        6107        -77282
