       -2364        -75925
       17306        -67903
       10038        -72448
       16883        -63636
       -8090        -77906
        5756        -73127
      -17754       -106536
       10780        -71161
        8027        -71405
       -2635        -75037
       -4156        -64528
       -3911        -64852
      -46038       -121408
       -2984        -73822
      106712       -110566
       15447        -64202
       -4365        -72918
       -3623        -73087
       16470        -64694
        9546        -71548
        9978        -72107
      -12457       -109007
       -9301        -75959
       -9364        -78102
      -10290        -76671
       11889        -68178
        8431        -71162
       12128        -69556
        5422        -75865
      -60011       -122160
       88254        -68093
        7758        -72047
      -16664        -82581
        6442        -77411
      -13405        -82818
        9007        -72773
       14747        -71793
      -14957        -82959
      -12688       -111676
       -2340        -74944
        9557        -72439
       16471        -73447
       -3360        -73351
        6492        -71439
        -405        -67173
        8096        -71047
        7805        -71422
        9274        -76155
        5410        -77678
      -48201       -122480
