       14126        -70984
       14116        -71667
       14601        -71913
       14001        -71342
        8653        -71204
       17205        -62697
        6938        -72978
        7563        -72673
       -4664        -72684
        9511        -75914
      -22552        -87359
       16570        -65256
      108388        -59602
       19233        -68175
        8630        -79163
      -18924       -107330
       -9071        -50155
       19867        -68582
       19397        -69433
      -17657       -111078
       12570        -76437
       10196        -71763
       -3410        -73753
      -12825        -80651
        9072        -72104
      -17556       -111583
      -17401       -110925
      -18067       -111949
       -3890        -72466
       -4208        -73600
        7562        -75391
       11095        -75373
       10709        -71355
       12468        -71525
       17596        -62960
       -2357        -75063
        8189        -71061
       36387        -54594
      -18358       -112267
        7804        -71304
       -4135        -72068
       -4339        -73498
       -2629        -74100
       -2539        -73876
       -3823        -71900
      -16584       -110002
        9453        -74356
       -2769        -74696
       13404        -70920
       17356        -66018
