       11474        -74685
       -4389        -72502
       -3604        -74514
         337        -65960
        7125        -74580
       -4199        -72857
       15099        -71818
       16003        -73022
       -2392        -75212
       -3921        -72883
       -4426        -72443
        5046        -76791
       -4783        -72031
       11792        -73538
       -2863        -73151
       -2423        -74305
        9306        -70171
        9415        -75663
       -4155        -71964
       -4212        -71831
       -3549        -71629
       -3732        -73207
       -4466        -72280
       -3887        -72689
        5591        -73234
       14126        -70984
       14116        -71667
       14601        -71913
       14001        -71342
        8653        -71204
       17205        -62697
        6938        -72978
        7563        -72673
       -4664        -72684
        9511        -75914
      -22552        -87359
       16570        -65256
      108388        -59602
       19233        -68175
        8630        -79163
      -18924       -107330
       -9071        -50155
       19867        -68582
       19397        -69433
      -17657       -111078
       12570        -76437
       10196        -71763
       -3410        -73753
      -12825        -80651
        9072        -72104
