       -2746        -73596
       -2441        -79807
       -5084        -74489
       -1548        -80151
       38572        -53150
       -2561        -73638
        9094        -73752
       -2185        -74079
       13792        -76494
       -3059        -67994
       -2961        -69896
       -2887        -69880
       -4670        -69353
       -4744        -69294
       -4691        -69145
       -3933        -70518
       -4005        -66266
       -3272        -70153
       -3452        -70512
       -3340        -70645
       -3452        -70572
       18177        -63531
       -3263        -67893
      -56088       -112929
       -6223        -72288
       10274        -72073
       -3107        -71444
        8928        -85797
       -2579        -69341
       -3641        -70202
       -3606        -70113
       10725        -71177
       17316        -62696
       -2724        -73878
       -5634        -69127
       -2639        -73297
       -3631        -66604
       -3862        -68867
       -3602        -70395
       -3492        -70349
       -4820        -69146
       -4007        -70519
       -2858        -70728
       11826        -71890
       -3820        -66294
       -5220        -69732
       -3330        -71388
       -3856        -66324
       -8078       -110792
       -5254        -65523
