       18105        -65223
       16350        -72721
       18622        -66640
        9991        -71617
       17336        -71714
        8278        -73614
        9650        -73834
        8952        -75610
        9452        -75648
       15159        -72188
       11200        -69315
       16156        -70602
        7360        -76879
       14861        -69120
       18051        -63859
        7347        -74577
       11128        -72329
        8900        -71646
       18384        -71196
        6585        -72923
        8166        -77655
       11388        -70946
       12008        -71665
       19512        -71182
        8113        -70928
       11829        -69277
       10568        -73331
        6643        -77215
       20125        -68475
        6172        -75246
       16992        -67936
       17888        -70090
        8917        -71571
        5872        -76320
        5834        -76261
       13121        -71932
        8821        -74141
        9787        -73015
       16714        -73666
        9359        -78366
       13831        -75292
       13809        -69327
       14240        -66843
       12977        -70791
       11531        -74833
       14629        -69821
        8460        -71993
        8676        -74336
       10967        -69882
       16867        -74079
