       -3495        -71479
       -3527        -71926
       -5156        -70341
       13336        -68472
       -4615        -70765
       -5115        -70682
       -4693        -70454
       10090        -69270
       -3728        -72062
       -4165        -72633
       16940        -68248
       13303        -75878
       10833        -66574
       12928        -68447
       -5504        -70672
      -31827        -59819
       15665        -69822
       -4029        -71694
       12717        -72131
        8057        -69414
       10453        -71611
       12346        -67757
       23310        -68731
       -4787        -70261
       -2029        -67535
       35494        -52488
       -3814        -72569
       -3783        -72108
       -3577        -72343
       -3817        -72346
       -3741        -72523
       -4285        -73348
       -4227        -70656
        7030        -75784
       12611        -75338
       10097        -72714
       17605        -63671
        7566        -71544
       -4043        -66177
        4826        -74150
       12210        -68709
        6843        -72816
       16964        -71541
       18656        -60307
       -5333        -65108
       -4411        -70733
       13875        -75796
       -4360        -71892
       16592        -71383
       -3931        -70712
