       -3578        -73651
       -3689        -72270
       -3732        -71780
       -4022        -72215
       11077        -72672
        9202        -72117
        8267        -72783
        7807        -71556
        7265        -75350
       15177        -69250
       13663        -77891
        9702        -70759
       10001        -70978
       10396        -81098
       10216        -69001
        9418        -81216
        6310        -71650
        8139        -78368
      -19451        -83022
       13683        -68141
        6217        -78513
       11071        -81727
       14068        -69368
       14824        -67696
        8002        -72326
       12408        -68261
        7545        -72718
      -19605        -82622
        6847        -78653
       -4347        -62463
        6639        -78299
      -16335        -79687
      121282       -114933
       13426        -68337
       11071        -72167
      -16384        -80164
       47102        -99324
        9785        -72881
       21677        -66899
      -17180        -80115
       -4561        -72073
        8496        -73299
        7524        -73966
        5015        -73063
       -4438        -71551
      -17185        -79728
       20652        -67742
        9070        -71970
        6072        -74668
       12276        -72359
