       10985        -72673
       -3634        -72180
       -2527        -72017
       -2850        -72720
       -3839        -73476
       -4587        -71493
       -4672        -70572
       -4260        -72441
       -3876        -70666
       -4652        -70751
       -4339        -72085
       -3734        -73059
       -5077        -70786
       -4636        -71970
       -3643        -71481
       -4723        -70945
        8042        -72563
       -5078        -70711
        4543        -72311
       -4345        -71624
       -4648        -71063
       -5145        -71233
       -2821        -70697
       -2962        -41290
       -3750        -71825
       -3614        -70901
       10955        -71812
       -5007        -70443
      -48218       -124559
        9606        -81451
       -3859        -72004
       -5065        -70235
        8658        -78480
       -4006        -72051
       -4888        -71051
       -4172        -72053
        9154        -72682
       -2921        -71576
       -4982        -70993
       -3082        -72009
      -10734        -55455
       20185        -71766
       -3002        -72425
       12258        -75239
       -4458        -71432
       -2399        -73279
       -4367        -71357
        6600        -72597
       -3851        -72614
        9060        -75400
