       -3900        -71678
       -4173        -71979
       -4250        -71757
       -4011        -70222
       10553        -76360
       10542        -80918
      -15991        -80471
       -3303        -72072
       -4064        -73301
       18775        -71443
       24572        -71946
        8846        -77334
       -4673        -64594
       10867        -73595
       10966        -69793
       -3589        -72834
        9408        -75143
       -3008        -71993
       -3183        -71356
       -4301        -64768
       13524        -73055
       -3770        -71676
       25181        -68974
       -4082        -71918
       18386        -68527
        4790        -68505
       -5192        -71858
       -4090        -71294
        8629        -72154
       -5074        -70994
       -3251        -73171
       11419        -80164
        -926        -68414
       -2688        -73833
       -4047        -65880
      -27455        -91070
       10772        -80173
        6769        -75580
       10316        -71063
       15414        -73253
       17325        -70884
       -2693        -74844
       -4316        -73810
      104034        -57496
        6058        -75025
       12516        -70946
        9856        -72673
       34814        -51133
       13188        -68533
       14160        -72142
