      104323        -56876
       -4494        -70094
       18366        -68349
       -3955        -73136
       -2193        -74882
       15268        -69145
       13447        -71379
        9785        -76994
       37331        -44093
      -10319        -71627
       13683        -75234
        5868        -67467
        5903        -73051
       -3455        -71746
        8023        -72548
        7689        -72419
       19035        -67124
       10001        -69568
        2948        -64621
       -4140        -64260
       11008        -73014
       11290        -71941
       -9057        -49709
       14601        -69034
       -4764        -66261
       -5008        -65892
        8076        -72355
       13368        -69570
      -50190       -123983
        8286        -74223
       12619        -70292
       -2718        -72971
       -4338        -70657
       -3639        -67481
       21820        -69402
       -9375        -71734
       12784        -67232
        4249        -76668
       10761        -71072
       10784        -72839
        9773        -71931
       13466        -72848
       10632        -69694
       -4145        -72752
        6401        -74352
       11658        -73228
       11571        -72249
       -2479        -72834
       -4028        -64393
       -6928        -77697
