       -8786        -49036
       12424        -69537
       -3628        -72656
       -1924        -67014
       13179        -80362
       12010        -71858
        6309        -77145
       -3821        -72063
      -47013       -120679
      -56645       -126035
       12135        -74320
        9070        -71985
       21504        -69288
       -3028        -74655
       21949        -69416
       -2915        -74847
       11352        -71005
        8877        -87342
       11811        -76373
       16283        -65987
       14445        -69897
        4448        -63221
       13252        -67716
       15547        -74942
       11927        -75377
       17217        -62193
        5850        -77389
        4382        -76964
      -48062       -119980
       11856        -68490
       18579        -66151
       10212        -83714
        7817        -70902
       18433        -66361
       18814        -70153
       14920        -69416
       18109        -71437
       -3558        -72328
       -4087        -70089
       12175        -73147
      -40403        -94789
       10665        -72276
       18422        -66924
       -3530        -70216
       -3219        -69959
       22136        -69576
       10274        -72059
        4823        -76690
       11355        -72727
       10791        -69142
