       -4491        -71745
       -1848        -75814
       -4260        -69526
       -3009        -68990
       -4050        -68631
       10151        -72535
       -2149        -76814
       -3140        -73200
       -4971        -67453
       -2333        -68342
       -4062        -66178
       -4776        -68224
       -3034        -71369
       -3192        -70613
       -4638        -67434
       -4600        -67538
       -4246        -67697
       -3623        -70187
       -2814        -72705
       -4614        -67895
       -5422        -68321
       -3932        -69180
        7051        -70289
       -2512        -73176
       -3005        -64841
       -2947        -65093
        8701        -73401
        8619        -71412
       10654        -72870
       -2823        -74816
       -3774        -69951
       -4533        -69872
       10365        -70484
       -2092        -74167
       -4083        -68884
       -3782        -70799
       -4876        -69103
        3493        -66902
        2974        -66745
       -2620        -70501
       -8943        -50035
       -3491        -70364
       -2007        -73542
        3812        -67195
       64398        -73090
       -5073        -66651
       -3499        -68253
       -3726        -75051
       -3319        -75076
       -2910        -75219
