        1545        -64935
       10363        -70365
       -4950        -70576
       -4313        -71178
        1861        -65035
      -58214       -125241
       17003        -65889
       -3376        -70704
        8255        -73273
       -4085        -71665
       -7494       -113475
       -3635        -72150
       -7916        -62580
       -2918        -73212
       -3514        -71465
       14451        -77316
       14280        -76978
       -2488        -72120
       -2677        -71811
        8868        -72032
       -4654        -70542
       -2282        -66498
       -2415        -72090
       -3564        -71911
        6166        -78885
       12484        -71332
       -3259        -71194
       14054        -68210
       -3430        -72252
       -8785        -78511
      -56922       -126055
       21292        -67185
      -57033       -126087
       -2668        -72539
       -4199        -71414
       -3811        -71394
       11649        -71106
       -3272        -73023
       -3127        -71385
       -2627        -72836
       -4400        -71640
        8665        -74886
       -3851        -68227
       -3170        -69483
        2905        -65661
       -4206        -72292
       -4438        -72993
       -4153        -72157
       -4744        -72224
       -3252        -71714
