       13228        -71649
       -2981        -72618
       12903        -69368
       -3384        -65664
       17593        -71548
       -2148        -66823
       10702        -75052
       13630        -80815
       12676        -71879
       -3935        -73225
        5714        -76931
        6523        -76608
       12400        -78844
       12675        -78706
       10351        -72310
       12075        -79412
       -5672        -59847
       17208        -67474
       13331        -71010
        7999        -72103
       12938        -78940
       13678        -69224
       -3722        -69713
       -9656        -71410
       14334        -66931
        8171        -72487
       -9129        -49918
       -2611        -74055
        2982        -74620
       12504        -78352
       -2714        -74651
       -4954        -70293
       -4824        -70277
        8988        -75535
        8488        -71295
       10421        -71997
       21842        -68231
       22111       -119679
       15041        -71596
       -4192        -72009
        8395        -75484
       -5330        -65301
       11536        -73794
       -3807        -71706
       11541        -69890
        9933        -71425
       11455        -71865
       12027        -71739
       11731        -71728
        2652        -74818
