        7923        -73337
       -4573        -71092
       -2819        -72259
       -2748        -73477
       -3230        -73424
       -4941        -68375
       -1593        -76851
       18924        -67111
       -2415        -74855
       -2935        -69033
       -3802        -69208
       -4515        -69827
       -2219        -74303
       -1996        -74389
       -3807        -70294
       -4617        -69099
       13413        -71617
        -982        -75505
       -3258        -71283
       -2583        -73356
       -2951        -73494
       -3216        -68740
       -2612        -75349
       -3814        -71141
       -2710        -74993
        9189        -72577
       -3520        -69561
       -4095        -70892
       -2712        -72004
        7991        -75682
       -4792        -69934
       -2134        -69455
       -2390        -69725
       -2272        -71701
       -3461        -72743
       15181        -68092
       -2305        -74779
       -4927        -70918
       -5527        -70330
       -3409        -68132
       -4019        -69597
       -3371        -71121
       -4116        -70684
       -2499        -74113
       -3864        -67246
       -3979        -71248
       -3375        -70779
       15931        -71822
       -2487        -75005
       -9298        -78845
