       -7460        -73851
        9900        -71796
        9878        -71455
       10222        -70916
        9643        -71918
       -3803        -72019
       -3752        -71706
       -3730        -71914
       10327        -83980
        8410        -76597
       12506        -81143
        9487        -71267
        8762        -70979
        9385        -77519
        5947        -73630
      -57239       -125926
      -16802        -80676
      -15664        -81360
      -56903       -126114
       -2720        -43369
       16721        -63964
       11165        -79187
      -17109        -81232
       11672        -72916
        8467        -71072
       -4400        -71655
      -15893        -80887
      -16005        -82139
      -14800        -82316
      -15641        -81717
       17336        -64372
       10529        -73154
       17537        -64162
       -4509        -73173
       17176        -64878
       15655        -76069
       -4766        -70469
       13959        -76552
        7677        -78463
      -15668        -82373
       20678        -90889
       31572        -60630
        9589        -69187
       13016        -75199
       11831        -69470
       21450        -67999
       13935        -78837
       -4706        -72313
      -16544        -80613
       14977        -69549
