      -10687        -77391
       -2886        -72795
       21395        -67970
       13332        -69674
        -913        -60297
       14492        -72122
       11617        -68642
        8844        -75864
        8218        -77402
        9028        -77123
        8600        -72808
       15635        -75980
       -2091        -57605
        5419        -62511
       -8873        -49573
       -8756        -50241
       13206        -69883
       10779        -75303
       -3236        -72933
       -3618        -73414
       12072        -72332
        5400        -76935
       -4036        -72616
       11196        -70399
       12506        -71569
       -4666        -79436
       10158        -70279
       18720        -62561
       15664        -68250
       -8961        -50065
       -9874        -49405
        8358        -71267
       -4027        -65999
       19990        -69500
       -6420        -69925
       10609        -72247
       -4028        -68884
       -1260        -68314
       -3641        -71660
        7300        -77964
       -3236        -74346
       13569        -70828
        8526        -72764
      -12542        -77000
       -9129        -49933
       -8868        -50094
       12601        -68911
       10443        -69414
        7940        -71836
        9589        -73419
