       14376        -75863
       11634        -69933
       12683        -66595
       14585        -73575
       13140        -73416
       13114        -71369
       18360        -64893
       21384        -67140
      -18523       -111287
       -6381        -62488
        8523        -72586
       14666        -75429
        8071        -71983
       13889        -75484
       10173        -71407
      -19249        -82945
       17855        -65938
       19687        -67487
      -13704        -81303
       11770        -73330
        7103        -72872
       11004        -74112
       14197        -80347
        7212        -71311
       11346        -72015
       11230        -73026
       11588        -70691
        7868        -76159
        9753        -78732
       13325        -77495
       10750        -78570
       -3129        -74047
        7289        -71578
        2278        -65817
       11700        -80397
       16799        -74510
       11038        -69644
       -3012        -74477
       14403        -68058
        9806        -75806
        8336        -73821
       11737        -73628
        4502        -77601
        9642        -81421
       16625        -65256
       10951        -79784
        9641        -74561
       -2775        -72823
       12198        -69169
       11429        -72682
