       11829        -69277
       10568        -73331
        6643        -77215
       20125        -68475
        6172        -75246
       16992        -67936
       17888        -70090
        8917        -71571
        5872        -76320
        5834        -76261
       13121        -71932
        8821        -74141
        9787        -73015
       16714        -73666
        9359        -78366
       13831        -75292
       13809        -69327
       14240        -66843
       12977        -70791
       11531        -74833
       14629        -69821
        8460        -71993
        8676        -74336
       10967        -69882
       16867        -74079
        9544        -69945
        9198        -71850
       12329        -72195
        8492        -78541
        5851        -71938
       11756        -75038
       12621        -71865
        7536        -72020
       13354        -69941
        6377        -78095
       16612        -65701
       17963        -71573
        5136        -76582
       20783        -67844
       13111        -78062
       13359        -71707
        8618        -72778
       15569        -69542
        8814        -77735
       10317        -75324
        9635        -75482
        6508        -78153
       13885        -76508
       14612        -72788
        9544        -74221
