       -4848        -68418
       -4480        -66748
       -3431        -70750
       -2720        -74190
       -3728        -67705
       -3520        -68104
       14748        -69003
       -3387        -75523
       -3213        -74688
       -3368        -71344
       -4097        -70699
       -3033        -72886
        8106        -74641
       -2491        -73310
        8184        -74907
       -4392        -72249
       -4156        -66045
       -2870        -75426
       -4044        -66133
       23326        -57807
       21149        -58276
       11369        -85716
       -4998        -71186
       -3759        -71141
        5070        -75855
       -4133        -72276
       -3667        -75318
       20595        -58342
       -3748        -73386
      -21665        -86019
       10926        -73802
      -57176       -124368
       -3175        -70494
       -4194        -70343
       13576        -71363
       17731        -63388
       17653        -63048
       19203        -61190
       19650        -61467
       17604        -62055
       18827        -60676
       17468        -61463
       17241        -62652
       19397        -61944
       -4231        -71846
       18302        -61661
       18647        -61123
       17235        -62089
       18838        -61595
       17817        -62823
