       -5213        -70297
       -4442        -66866
        9235        -78739
        9256        -78946
        8305        -72901
      -10236        -77906
        5629        -74719
        9869        -75048
       14503        -75684
        6935        -76914
       42301        -54115
        7740        -78982
       -3802        -66204
        9152        -76706
       15652        -68769
       -3226        -72279
        5990        -79526
       18636        -51810
        9863        -81329
        6691        -79413
       11936        -78761
       11505        -79658
       -3390        -73887
       10831        -73669
       19952        -72348
       11490        -73126
       12557        -72652
       11397        -67294
       10831        -70789
       -9727        -49314
        7651        -72390
       -5469        -70493
       -8799        -49647
       10986        -71322
       46046        -51457
        2653        -74936
        7818        -75194
        8964        -79188
        8039        -73766
        6533        -71721
       -4301        -70701
       -4460        -71239
       -4414        -70569
       -4804        -70396
       -4644        -71390
       -4435        -71789
       -4243        -72351
       -3887        -74116
       -3677        -71720
       -3691        -70694
