       11032        -74840
       16713        -69334
        9294        -72086
        2725        -74772
       -4075        -70981
       12887        -71045
       12632        -68451
        8664        -72020
       12830        -70897
       11179        -85348
       -4343        -68813
       13205        -72718
       11950        -75703
       -4088        -74298
       -3994        -65671
       17454        -63451
       12259        -68174
       -4743        -64892
       22405        -64399
        9499        -77785
        7957        -75876
       11510        -80014
       10951        -70090
       10958        -80229
       -4896        -70441
        6686        -77705
       -2558        -63602
        6710        -75328
       21793        -68736
       17799        -67377
       18230        -64865
       10613        -71134
       10764        -72735
        6569        -75850
       16568        -72392
       12382        -82866
       20978        -74366
       13589        -75147
       12160        -72019
        9534        -78943
       11128        -72285
       -4212        -73243
        8249        -72842
       13099        -71680
      -10626        -56927
      -12284        -79631
      -10958        -79211
       -9996        -79227
      -11247        -79765
      -11646        -78967
