       99058       -100376
       -2040        -75267
       -1536        -76985
       -4942        -69743
         -93        -76995
       -3756        -71334
       14273        -72318
       -4375        -70673
       -2365        -75895
       11770        -71861
       -3876        -70622
       -3307        -74540
       -2376        -75033
       -3740        -71140
       -3759        -71111
       -4363        -68754
       -3163        -70018
       -3555        -69725
       -4940        -68419
       -2379        -73442
       -2789        -73180
       -4512        -65618
       -3026        -73436
       -2650        -75260
       -3813        -66844
       11336        -69803
       -4021        -70861
       -4875        -70634
       -2143        -74435
       -2804        -73463
       -2000        -74077
       -4350        -71163
       -2553        -74233
       -4284        -70538
       -3331        -71314
       28629        -68056
       -2932        -73554
       -2147        -75536
       -3928        -72377
       -2887        -69910
        5722        -74762
       -3091        -74151
       -2752        -73209
       -3114        -69467
       -4329        -68516
       -4166        -69644
       11271        -71942
       -4958        -69922
       -4309        -70032
       -3808        -74428
