       -4923        -71230
       -5209        -71977
       -3651        -72359
       -2673        -73580
       -2527        -73400
       -3451        -72088
       -2768        -73358
       -4518        -71046
       -4501        -70972
       -4409        -70911
       -3903        -72897
       -3814        -72599
       -3476        -73011
       -3733        -73148
       -2609        -74204
       -3867        -72748
       -4222        -73913
       -2827        -74534
       15811        -65221
       15980        -65427
       -3871        -73923
       -3088        -74329
       -3720        -72731
       -3966        -72288
       15222        -65481
       -3040        -73763
       10500        -69473
       -4158        -73198
       -2377        -74974
       -4017        -72631
       20046        -58912
       -3403        -72891
       -2152        -73766
       -3052        -72871
       -2032        -74479
       10992        -73192
       10737        -73493
       10849        -73610
       -3439        -72951
       11327        -73411
       10304        -74359
       -2747        -74919
       -2699        -74398
       -3388        -72623
       -2875        -72259
       11205        -72536
        8744        -79355
       -4134        -72157
       -4093        -72498
       -2687        -73907
