      -10388        -80334
       12188        -69896
      -10498        -80380
      -10054        -80418
      -10250        -79632
      -11922        -80385
      -10614        -80010
       12359        -85064
      -10841        -79685
        5684        -76099
      -10396        -79709
      -11582        -79621
       12080        -84979
       13015        -70925
       14097        -70169
        9931        -76903
       11712        -85132
       11695        -71817
       17826        -70981
       12299        -84768
       -9576        -81498
        8978        -71972
       -3518        -66766
      -10602        -79518
       19864        -68315
       -3590        -66960
       11933        -85025
       12045        -85113
        9601        -77086
       11989        -85113
       13427        -84721
       -4637        -70453
       12426        -84617
       13727        -71628
       10949        -72762
        7819        -81996
       11674        -73050
       -4987        -67617
        7709        -71142
       -9052        -50185
        9689        -74041
       15543        -74661
      -10329        -80601
       -9999        -80373
      -26594        -92935
        8143        -74596
       12953        -70391
       13109        -85780
        8905        -72062
       11009        -85098
