        5911        -77804
       12361        -71838
       -4512        -71552
       -4510        -71686
       -4215        -71622
       -3108        -72842
       -3231        -73290
       -4163        -71324
       -3970        -71976
       -4221        -72559
       -3864        -71588
       -4148        -71056
       -2611        -74055
       -3648        -72522
       -2819        -70891
       -2708        -73699
       -2142        -74554
       -4202        -72589
       -2648        -74085
       -2837        -73731
       -3330        -72845
       -3242        -72472
       -4680        -71450
       -3571        -72804
       -4855        -70738
       -4923        -71230
       -5209        -71977
       -3651        -72359
       -2673        -73580
       -2527        -73400
       -3451        -72088
       -2768        -73358
       -4518        -71046
       -4501        -70972
       -4409        -70911
       -3903        -72897
       -3814        -72599
       -3476        -73011
       -3733        -73148
       -2609        -74204
       -3867        -72748
       -4222        -73913
       -2827        -74534
       15811        -65221
       15980        -65427
       -3871        -73923
       -3088        -74329
       -3720        -72731
       -3966        -72288
       15222        -65481
