       10274        -72073
       -3107        -71444
        8928        -85797
       -2579        -69341
       -3641        -70202
       -3606        -70113
       10725        -71177
       17316        -62696
       -2724        -73878
       -5634        -69127
       -2639        -73297
       -3631        -66604
       -3862        -68867
       -3602        -70395
       -3492        -70349
       -4820        -69146
       -4007        -70519
       -2858        -70728
       11826        -71890
       -3820        -66294
       -5220        -69732
       -3330        -71388
       -3856        -66324
       -8078       -110792
       -5254        -65523
       19842        -60412
       -3687        -72404
      -61117       -125356
       -3294        -69856
       27926        -89355
       26588       -114585
       26979       -114741
        9468        -72707
       10131        -71036
       13567        -72090
       19674        -61882
       19654        -61749
       19873        -61494
       19845        -62265
       20908        -61467
      -20712        -86706
       -4190        -67756
       20941        -61140
       21837        -61797
       20042        -61759
       -5288        -71592
        8006        -74019
       -2170        -73796
       -3733        -74546
       -3315        -72577
