        6686        -77705
       -2558        -63602
        6710        -75328
       21793        -68736
       17799        -67377
       18230        -64865
       10613        -71134
       10764        -72735
        6569        -75850
       16568        -72392
       12382        -82866
       20978        -74366
       13589        -75147
       12160        -72019
        9534        -78943
       11128        -72285
       -4212        -73243
        8249        -72842
       13099        -71680
      -10626        -56927
      -12284        -79631
      -10958        -79211
       -9996        -79227
      -11247        -79765
      -11646        -78967
      -10388        -80334
       12188        -69896
      -10498        -80380
      -10054        -80418
      -10250        -79632
      -11922        -80385
      -10614        -80010
       12359        -85064
      -10841        -79685
        5684        -76099
      -10396        -79709
      -11582        -79621
       12080        -84979
       13015        -70925
       14097        -70169
        9931        -76903
       11712        -85132
       11695        -71817
       17826        -70981
       12299        -84768
       -9576        -81498
        8978        -71972
       -3518        -66766
      -10602        -79518
       19864        -68315
