       17521        -65868
        6557        -73592
       -3936        -64303
        9348        -77550
       10494        -71922
       10848        -69260
       -4173        -73466
       -3945        -73924
       11275        -73634
       11073        -72345
       -3784        -69148
       -3265        -74986
      102477        -87469
        4667        -76143
       -3766        -72003
        8287        -77089
       -9128        -49977
       -2151        -75298
       -3432        -73486
       10901        -73342
       18072        -74256
       10856        -83482
       11977        -80349
       13918        -72056
       -8791        -78035
       -5796        -70959
       -4470        -70525
        8465        -73805
        8876        -72686
        9902        -71945
       10920        -70491
       -3487        -70721
       17900        -66590
       -2840        -73552
       -4712        -68922
        -722        -76959
       -3593        -69607
       -3393        -72221
      -35653        -88357
      -36332        -88725
        8829        -71899
       -2568        -71705
       16276        -65423
       -2796        -75411
      -58305       -125332
       12386        -69478
      -16422       -110833
        9745        -72645
       -3043        -74953
       27198        -55037
