       18293        -65502
       13017        -79295
      -21209        -81676
       -4540        -69336
       13171        -67123
       21046        -66758
        6898        -74211
        7303        -71206
        8422        -70509
       11759        -75231
       12892        -71401
      118950        -57908
       -3426        -73962
       10358        -84855
       11721        -75172
       12363        -69122
        9381        -73109
       12615        -69965
       12939        -67824
       -2759        -71187
       -4555        -72519
        8235        -75976
        3553        -74464
       -4099        -72008
       17817        -62809
       14306        -66160
       74352        -70305
      -15456        -81655
       11676        -73198
        8423        -76166
       11212        -68781
        8221        -73526
       -3943        -72660
       12385        -72254
        -794        -68620
       10923        -72154
       -3186        -72486
      -15063        -80667
       -4155        -73421
       16461        -68418
      -45472       -119978
        9945        -72360
       10363        -71820
      -13915        -58825
       -4712        -70409
       -4393        -72160
       -3798        -70963
       -3784        -70620
       10373        -71137
       -7559        -77557
