       17217        -62193
        5850        -77389
        4382        -76964
      -48062       -119980
       11856        -68490
       18579        -66151
       10212        -83714
        7817        -70902
       18433        -66361
       18814        -70153
       14920        -69416
       18109        -71437
       -3558        -72328
       -4087        -70089
       12175        -73147
      -40403        -94789
       10665        -72276
       18422        -66924
       -3530        -70216
       -3219        -69959
       22136        -69576
       10274        -72059
        4823        -76690
       11355        -72727
       10791        -69142
       13519        -69790
        8329        -71831
       17164        -71301
       10587        -69100
        6194        -72706
      -47637       -120959
        6040        -80462
       17869        -64098
       13699        -69387
       17457        -73908
       12601        -70366
       13521        -69968
       -3824        -70353
        9542        -72692
       17773        -63818
        8730        -72851
       12357        -71467
        9510        -74459
       13610        -71125
        8508        -87407
       10782        -72690
       16878        -70623
        6355        -75051
       13242        -80880
        6501        -77692
