       -4047        -73197
       12959        -85663
       -4746        -70618
       11870        -69574
       -4196        -71652
       18284        -72073
       -3771        -71631
        7653        -73904
       -3961        -71232
       18856        -66103
       10340        -71434
       -2440        -72982
       -3786        -71914
       -3378        -73411
        5579        -72372
       -3766        -72018
       -4359        -71922
       -4839        -71973
       -3784        -72048
        5897        -37331
       -3425        -72623
       -4598        -70616
       11612        -69711
       -2097        -73721
       -2694        -71945
       -2486        -73697
       -4416        -71848
        7076        -73645
       -4554        -71166
       15015        -72516
       15889        -71377
       -4404        -71298
       -4194        -71845
       11956        -71977
       16569        -63684
        9842        -77142
       -3888        -72570
        9421        -77430
       -3719        -71348
       10762        -72631
       -3758        -71230
        9824        -70164
       11726        -72767
        6828        -71643
       -4921        -71379
       -6762        -70659
        7830        -78803
       -4910        -70769
       -5168        -70846
       -4875        -70634
