***世代 1 適応度 max -828.000000 (2) mean -1004.700000 時間 Mon Aug 24 11:10:57 2020

3 27 -30
9 43 -57
2 6 -79
8 33 69
4 44 -94
5 33 -58
1 55 -19
7 -9 3
0 -58 37
6 -94 87
***世代 10 適応度 max -608.000000 (4) mean -748.000000 時間 Mon Aug 24 11:10:59 2020

3 27 -30
5 33 -58
4 44 -94
2 6 -79
9 43 -57
1 55 -19
7 -9 3
0 -58 37
6 -94 87
8 33 69
***世代 20 適応度 max -608.000000 (0) mean -680.700000 時間 Mon Aug 24 11:11:01 2020

3 27 -30
5 33 -58
4 44 -94
2 6 -79
9 43 -57
1 55 -19
7 -9 3
0 -58 37
6 -94 87
8 33 69
***世代 30 適応度 max -608.000000 (0) mean -671.950000 時間 Mon Aug 24 11:11:03 2020

3 27 -30
5 33 -58
4 44 -94
2 6 -79
9 43 -57
1 55 -19
7 -9 3
0 -58 37
6 -94 87
8 33 69
***世代 40 適応度 max -591.000000 (12) mean -690.900000 時間 Mon Aug 24 11:11:08 2020

3 27 -30
1 55 -19
9 43 -57
5 33 -58
4 44 -94
2 6 -79
7 -9 3
0 -58 37
6 -94 87
8 33 69
