        1056           812
       13445          5911
       -6621          6012
       -6694          5893
       -6565          5834
       -6806          6056
       -6658          6057
        3912          -972
       -1175          3715
       14048         -1118
       14306          -894
       14345         -1205
       14325          -938
       14121          -761
       14174          -257
       14123         -1206
        2719          1131
       13676          -615
         984           395
        1018          1005
        1112           827
        1240          1006
        1040           410
         705           855
        1130           871
        1518           918
        1464           591
         760           974
         740          1256
         520           839
        1278           946
         648          1048
        1203          1050
         778          1033
        1333           917
        1427           575
         740          1271
         778           944
         483           898
        1298           530
        1223           619
        1167           872
        1130           797
        1021           499
         666          1196
         906          1286
         611          1047
         926          1019
         557           780
         723           959
         464           928
         574          1107
         777          1301
         556          1077
         778          1063
         500          1166
         740          1107
        1484           308
         650           706
         278          1194
         444          1299
         796          1063
         426          1091
         352          1225
         371           927
         945           930
        1167           886
         888          1093
         649           973
        -963          1709
        -777          1576
        2873          -100
        1908           667
        2330          1307
         111          1298
        2703           685
        5981          -443
        3162          1385
        5666          -162
       -3213           272
        2833           567
         874           216
        5185           -90
        1944           741
         865          2311
        1278           931
        -870          1754
        3223           138
        1048          2728
        1073          1302
        6168          -754
        6556          -633
        1535          1378
        7365           246
        5296          -104
         318           437
        2589          1368
        2389           595
        1123          2357
        3520          -187
