36.871000 139.463833 3.420000 0.700000 2013 3 3 10 13 19.340000
36.870000 139.457667 3.200000 1.200000 2013 3 3 10 27 49.590000
36.889667 139.415167 3.890000 0.900000 2013 3 3 10 52 45.760000
36.953833 139.419167 4.670000 0.800000 2013 3 3 11 1 16.190000
36.880667 139.427500 5.230000 2.100000 2013 3 3 11 14 12.650000
36.922833 139.395833 3.640000 0.800000 2013 3 3 11 18 51.010000
36.887333 139.423500 3.050000 1.700000 2013 3 3 11 48 27.180000
36.870000 139.461833 3.160000 1.500000 2013 3 3 11 55 40.670000
36.888667 139.424833 3.140000 0.800000 2013 3 3 12 5 6.230000
36.866833 139.456833 3.410000 0.300000 2013 3 3 12 35 20.140000
36.891333 139.398667 3.740000 2.200000 2013 3 3 13 1 0.730000
36.874500 139.458333 3.950000 1.600000 2013 3 3 13 3 47.180000
36.886500 139.362833 5.360000 0.800000 2013 3 3 13 39 26.900000
36.954667 139.418333 5.020000 1.100000 2013 3 3 14 14 36.750000
36.874833 139.458167 4.150000 0.800000 2013 3 3 14 17 57.200000
36.938167 139.414333 4.130000 0.800000 2013 3 3 15 3 24.260000
36.915833 139.405000 4.070000 0.200000 2013 3 3 16 30 52.390000
36.885333 139.423667 2.950000 0.400000 2013 3 3 16 45 20.730000
36.918333 139.394833 4.720000 1.000000 2013 3 3 16 50 7.060000
36.917000 139.400167 4.290000 1.700000 2013 3 3 17 11 6.840000
36.925333 139.395833 4.360000 0.200000 2013 3 3 17 14 3.660000
36.823667 139.467667 4.310000 0.500000 2013 3 3 17 26 40.210000
36.872167 139.454333 3.720000 1.000000 2013 3 3 17 33 2.430000
36.884500 139.465667 4.020000 1.100000 2013 3 3 17 53 46.980000
36.877833 139.442333 2.640000 0.300000 2013 3 3 19 40 58.680000
36.908000 139.405667 4.920000 0.300000 2013 3 3 20 1 29.740000
36.961167 139.362667 4.630000 0.300000 2013 3 3 20 14 35.920000
36.878167 139.428833 5.300000 1.300000 2013 3 3 21 46 46.120000
36.869500 139.461000 3.450000 1.100000 2013 3 3 23 57 34.430000
36.905833 139.409000 4.370000 0.000000 2013 3 4 0 6 26.490000
36.920000 139.398333 4.470000 0.900000 2013 3 4 0 7 26.860000
36.867667 139.461833 3.820000 0.400000 2013 3 4 0 12 0.300000
36.917500 139.397667 3.370000 0.300000 2013 3 4 0 18 50.600000
36.903667 139.404500 4.340000 0.300000 2013 3 4 0 43 14.790000
36.909500 139.404500 4.980000 0.000000 2013 3 4 1 36 16.260000
36.905833 139.404000 3.960000 0.400000 2013 3 4 1 43 7.460000
36.884833 139.424833 2.800000 0.500000 2013 3 4 1 54 16.210000
36.925333 139.395500 3.720000 0.900000 2013 3 4 2 17 46.570000
36.889333 139.405333 4.890000 0.900000 2013 3 4 2 20 4.810000
36.877500 139.441333 2.700000 1.000000 2013 3 4 2 44 56.360000
36.840167 139.416000 5.210000 0.500000 2013 3 4 3 14 22.750000
36.886500 139.425167 3.120000 0.300000 2013 3 4 3 16 54.950000
36.886333 139.415000 4.370000 0.400000 2013 3 4 3 26 16.350000
36.898833 139.401333 4.870000 1.000000 2013 3 4 3 47 37.460000
36.890833 139.406667 3.510000 1.000000 2013 3 4 3 57 20.310000
36.888500 139.414167 4.070000 0.100000 2013 3 4 3 58 41.370000
36.873333 139.494000 4.520000 0.500000 2013 3 4 6 20 41.870000
36.881500 139.408667 3.220000 0.700000 2013 3 4 6 36 48.720000
36.895167 139.403000 4.590000 0.900000 2013 3 4 7 10 10.870000
36.824500 139.464500 4.800000 0.900000 2013 3 4 8 3 51.840000
36.922167 139.398000 4.110000 0.600000 2013 3 4 8 5 22.730000
36.873167 139.491500 5.090000 0.900000 2013 3 4 8 5 52.710000
36.871500 139.457333 3.500000 0.900000 2013 3 4 9 7 28.040000
36.893500 139.397000 3.050000 1.200000 2013 3 4 9 8 55.550000
36.839167 139.408500 3.770000 0.400000 2013 3 4 10 0 57.370000
36.878833 139.429500 5.320000 0.900000 2013 3 4 11 31 55.090000
36.898833 139.402167 4.740000 1.500000 2013 3 4 11 36 30.470000
36.932000 139.403667 6.160000 0.800000 2013 3 4 12 1 50.710000
36.897000 139.401167 4.810000 1.200000 2013 3 4 13 33 50.060000
36.878000 139.465167 3.610000 2.000000 2013 3 4 13 48 43.210000
36.879000 139.440167 6.650000 1.700000 2013 3 4 15 2 22.860000
36.887833 139.429833 2.910000 1.600000 2013 3 4 16 34 44.490000
36.920500 139.400500 3.860000 0.800000 2013 3 4 16 43 40.010000
36.899167 139.404000 4.780000 0.500000 2013 3 4 16 48 54.500000
36.876833 139.421500 5.440000 0.300000 2013 3 4 17 8 48.890000
36.915667 139.400000 3.270000 0.300000 2013 3 4 17 20 51.080000
36.921000 139.394333 3.800000 1.700000 2013 3 4 18 2 6.940000
36.921167 139.396000 3.840000 0.700000 2013 3 4 18 4 13.540000
36.885167 139.432167 2.810000 0.300000 2013 3 4 18 7 49.360000
36.921333 139.394833 3.630000 0.900000 2013 3 4 18 8 1.330000
36.874333 139.457167 2.760000 0.400000 2013 3 4 18 34 25.750000
36.921000 139.397000 3.740000 0.600000 2013 3 4 18 39 5.860000
36.909667 139.401000 5.660000 0.800000 2013 3 4 18 54 15.420000
36.918500 139.397833 4.500000 1.400000 2013 3 4 19 24 7.750000
36.907500 139.402667 4.750000 0.700000 2013 3 4 19 46 1.760000
36.889833 139.412000 4.910000 1.100000 2013 3 4 20 1 14.650000
36.821500 139.443500 3.900000 0.700000 2013 3 4 20 2 19.940000
36.885167 139.428833 2.370000 -0.500000 2013 3 4 20 28 47.710000
36.904333 139.408833 4.390000 0.300000 2013 3 4 20 35 45.550000
36.920833 139.396833 3.360000 0.600000 2013 3 4 21 8 27.660000
36.935500 139.407000 4.540000 0.900000 2013 3 4 21 28 42.740000
36.881500 139.426167 3.360000 0.200000 2013 3 4 22 22 33.530000
36.908167 139.405667 5.190000 0.300000 2013 3 4 22 27 4.890000
36.907833 139.402500 4.670000 0.200000 2013 3 4 22 48 15.790000
36.893000 139.416167 3.890000 0.300000 2013 3 4 22 54 33.990000
36.902000 139.406333 4.460000 -0.300000 2013 3 4 23 0 4.550000
36.889833 139.413500 4.530000 0.900000 2013 3 4 23 8 51.660000
36.874167 139.430667 5.760000 0.100000 2013 3 4 23 48 53.550000
36.886833 139.417000 4.280000 0.300000 2013 3 4 23 55 18.540000
36.866833 139.464167 2.550000 -0.200000 2013 3 5 0 27 4.300000
36.882167 139.414500 5.810000 0.700000 2013 3 5 0 40 39.630000
36.961167 139.429333 4.200000 0.500000 2013 3 5 0 43 43.290000
36.823500 139.465833 4.080000 0.700000 2013 3 5 1 54 11.160000
36.924000 139.391833 3.570000 0.100000 2013 3 5 2 42 51.780000
36.920167 139.399000 3.960000 0.300000 2013 3 5 2 50 10.030000
36.890500 139.414333 4.690000 1.100000 2013 3 5 3 7 36.910000
36.923167 139.397833 3.740000 0.400000 2013 3 5 3 41 28.500000
36.874667 139.462333 2.410000 -0.300000 2013 3 5 3 58 16.790000
36.886333 139.419167 3.920000 0.000000 2013 3 5 3 58 33.460000
36.901000 139.439000 4.770000 0.800000 2013 3 5 5 6 54.430000
