         334          5519
         225          4969
        2423          1189
        9542          1577
        1420          2284
        6111          -516
        2161          1931
         224          5340
        2308          2050
        -125          4893
        2615          -280
         724          5030
        2093         -3476
        9635          1503
         761          5015
        7805          1138
        5331           296
        1939          1945
        5612          -608
        5462          -133
        6389          -515
       -4919          5840
         467          4672
        1831          5688
        1100          3605
        4461           351
       10379         -3450
        1142          2402
         168          5266
        4219           647
        5796          -295
         -34          5339
        5519          -356
        3981           245
        4628           248
        4221           202
        1883          2048
        6389          -545
        2390           312
        1063          3516
       -3069          1239
        2068          2079
        2053          1173
        3446           -38
        2556           432
        2294          1099
         583          8209
        1519           606
        3038           107
       -4825          5558
        6036          -324
         565          7986
         392          4939
        2856          -427
       -3177           570
        1215          2462
        3445            35
        7125           185
        3242           -54
        1110          5641
        1230          3412
        2214          2495
        5850          -102
        3482           198
         997          1747
        5314          -149
        5908          -651
        5926          -502
        1917          2702
        5945          -606
         706          4926
        5907          -413
        4648           -63
        5630          -340
        4407            84
        2443           907
       -5151          3684
        1919          2405
        4053           632
        5889          -428
        7512           484
        1513          2166
        4480           352
        4444            69
        2793          1280
        3795           408
        2442          1041
         697          2563
        2108          1351
        -128          5547
        1591          1126
       10352          2485
       -4937          5677
        6242          -872
        5814          -236
        2516          1115
        6147          -338
         741          5387
        2052          1544
        3672          3319
