        6313          -129
         255          2205
        2297           475
        6315          -545
        7295          -526
        2296           624
        1243           486
        6591          -202
        -148          1534
         204          1209
        6643           435
        5816          -740
        2756          1146
        6187          -887
        6222          -427
        1199          2001
        6129          -427
        5459           475
        5778          -488
        4705          -389
       -2424          1762
        2056           638
        5034           413
        4609           308
        6036          -220
       -2715           602
        5999          -279
        5515           371
         590          1671
        1521           353
         -55          1282
         202          1625
        6091          -145
        -373          2291
        2495          1650
        6186          -590
        3259           331
        5110           -31
        1561          -359
        2820          -665
        3003          -367
        2929          -308
        2421          1709
        -360          -665
        1477          1809
        5385           638
        4926          -240
         490          -735
        1363          2566
       -4955          1201
        2163          1440
        1760           592
        5978           358
        5350           207
        -408          1875
       -2471          -199
       -2009          -152
       -2631          2564
       -3443          2130
        4354          -406
       -1806           -62
        2572           922
        1573          1096
        2888           582
        4315          -109
       -1995           872
        1445           813
        6222          -501
        6331          -129
        5110            72
        2571          1205
        5813            60
        2834           314
        5404           356
         312          1789
        6390          -767
        5349           311
        1498          1244
        2256          1307
        5591           -73
        2164          1262
        2093           564
        2711         -1052
        6389          -649
        6296          -515
        1228          -331
        2686           343
        2016          1351
        1631           487
        6239          -234
        2037           742
          38          5428
        1253          2402
         762           469
         392           348
        2738          1042
        1001           707
       -3368          1877
        6166          -323
        1168           693
