        6036          -324
         565          7986
         392          4939
        2856          -427
       -3177           570
        1215          2462
        3445            35
        7125           185
        3242           -54
        1110          5641
        1230          3412
        2214          2495
        5850          -102
        3482           198
         997          1747
        5314          -149
        5908          -651
        5926          -502
        1917          2702
        5945          -606
         706          4926
        5907          -413
        4648           -63
        5630          -340
        4407            84
        2443           907
       -5151          3684
        1919          2405
        4053           632
        5889          -428
        7512           484
        1513          2166
        4480           352
        4444            69
        2793          1280
        3795           408
        2442          1041
         697          2563
        2108          1351
        -128          5547
        1591          1126
       10352          2485
       -4937          5677
        6242          -872
        5814          -236
        2516          1115
        6147          -338
         741          5387
        2052          1544
        3672          3319
       -2262          2729
        3427           -38
        2872            92
        2548          2155
       10138         -3362
       -4234          1309
        1192          8642
        3760            81
        5556          -430
        6222          -397
        6037          -398
        6129          -457
         715          2771
        1945           504
         888          5684
        2183          1010
        3482           109
        1476          2210
        -999          1590
        4240           172
       -1147          1530
       -1205          2273
         539          5148
       -6041          4304
        3517           600
       10284         -3035
        1795          1082
        5444          -222
        4610           189
       10138         -3259
        4035           468
        6018          -457
       10045         -3140
       10211         -3050
          58          5206
       10210         -2991
       10248         -3080
        6574          -529
        6332          -174
       10304         -3198
        2108          1381
        2978          1206
         744          4703
        4322          2579
        5277           -75
        3297           168
        5984         -1096
        3036           687
         -35          5621
        1052          1852
