       -2262          2729
        3427           -38
        2872            92
        2548          2155
       10138         -3362
       -4234          1309
        1192          8642
        3760            81
        5556          -430
        6222          -397
        6037          -398
        6129          -457
         715          2771
        1945           504
         888          5684
        2183          1010
        3482           109
        1476          2210
        -999          1590
        4240           172
       -1147          1530
       -1205          2273
         539          5148
       -6041          4304
        3517           600
       10284         -3035
        1795          1082
        5444          -222
        4610           189
       10138         -3259
        4035           468
        6018          -457
       10045         -3140
       10211         -3050
          58          5206
       10210         -2991
       10248         -3080
        6574          -529
        6332          -174
       10304         -3198
        2108          1381
        2978          1206
         744          4703
        4322          2579
        5277           -75
        3297           168
        5984         -1096
        3036           687
         -35          5621
        1052          1852
        2239          1040
        2649           299
        -448          2499
        2758           789
         -16          5473
         392          4746
        5817          -815
        2327          1991
        2423          1308
        2366          1501
         729          -496
        -887          1427
        2383          1917
        4537           -33
        6628          -232
        5295            58
        3482           198
        6499          -321
         -37          5963
        6499          -366
        2420          2036
        5961          -101
         319           348
        7234           765
        2630           373
        4278             9
       13748          4221
        -655          3301
        4111           186
        -467          2484
       -1647          1810
        4684           144
        2165           965
        2204           609
         732          3098
        6167          -650
        6277          -412
        5498            89
        3907           156
        6278          -679
        5797          -488
        2277           817
       -6940          2591
        6056          -680
        4129           157
        3963           141
        2036           935
        2401          1917
       -1221          1545
        4277           187
