        2239          1040
        2649           299
        -448          2499
        2758           789
         -16          5473
         392          4746
        5817          -815
        2327          1991
        2423          1308
        2366          1501
         729          -496
        -887          1427
        2383          1917
        4537           -33
        6628          -232
        5295            58
        3482           198
        6499          -321
         -37          5963
        6499          -366
        2420          2036
        5961          -101
         319           348
        7234           765
        2630           373
        4278             9
       13748          4221
        -655          3301
        4111           186
        -467          2484
       -1647          1810
        4684           144
        2165           965
        2204           609
         732          3098
        6167          -650
        6277          -412
        5498            89
        3907           156
        6278          -679
        5797          -488
        2277           817
       -6940          2591
        6056          -680
        4129           157
        3963           141
        2036           935
        2401          1917
       -1221          1545
        4277           187
        4445           -49
        6461           -84
         -71          5250
         -89          5175
        6287         -2446
        6527         -2326
        4481           144
        1572          1334
        6704          -736
        4186          -183
       10027         -3289
       10194         -3362
        6148          -353
        2534          1323
       -2650          2846
         889          5521
        1479          1378
        6167          -694
        2238          1292
        1793          5926
        3237          1118
        2347          1798
        6092          -308
        6389          -589
         881          2936
        3648           170
        6332          -352
        2741           477
        3557           -97
        3520          -112
        4111            23
         354          5118
       -5807          1346
       -5733          1480
         667          5416
       10727          1181
       -5751          1361
       -5695          1243
       -5807          1450
        3316            94
        1331          1511
          20          5473
        7840          1554
        5666          -192
        4574           -48
        4558          -672
         279          5325
        7037          -764
        3723            36
        1869          5391
