        4445           -49
        6461           -84
         -71          5250
         -89          5175
        6287         -2446
        6527         -2326
        4481           144
        1572          1334
        6704          -736
        4186          -183
       10027         -3289
       10194         -3362
        6148          -353
        2534          1323
       -2650          2846
         889          5521
        1479          1378
        6167          -694
        2238          1292
        1793          5926
        3237          1118
        2347          1798
        6092          -308
        6389          -589
         881          2936
        3648           170
        6332          -352
        2741           477
        3557           -97
        3520          -112
        4111            23
         354          5118
       -5807          1346
       -5733          1480
         667          5416
       10727          1181
       -5751          1361
       -5695          1243
       -5807          1450
        3316            94
        1331          1511
          20          5473
        7840          1554
        5666          -192
        4574           -48
        4558          -672
         279          5325
        7037          -764
        3723            36
        1869          5391
        4610            70
        4833            26
        4703            41
       -4328          1501
       -4347          1591
       -4365          1546
       -4253          1413
       -4420          1516
       -4289          1204
        2367          1233
        4760          -300
        3367          1119
        2274          1381
         974          2787
        6055          -279
        3796           334
        6388          -396
        2260           356
        1451          3577
        2510          2467
        6186          -768
        4261          -243
        1167          5225
        4240           187
        4055           290
        4983          -596
        4593           -63
        6444          -411
        4036           335
        4425           218
        4442           455
        2651          -101
        2557           165
        6611          -588
        6389          -693
        6371          -723
        6463          -530
        3204           182
        2480           922
       10247         -2917
         298          5266
        4057          -318
         836          4926
         131          5340
        3094            33
        4499           203
        4500           -34
        3484          -246
        2945           345
         621          3187
