        4610            70
        4833            26
        4703            41
       -4328          1501
       -4347          1591
       -4365          1546
       -4253          1413
       -4420          1516
       -4289          1204
        2367          1233
        4760          -300
        3367          1119
        2274          1381
         974          2787
        6055          -279
        3796           334
        6388          -396
        2260           356
        1451          3577
        2510          2467
        6186          -768
        4261          -243
        1167          5225
        4240           187
        4055           290
        4983          -596
        4593           -63
        6444          -411
        4036           335
        4425           218
        4442           455
        2651          -101
        2557           165
        6611          -588
        6389          -693
        6371          -723
        6463          -530
        3204           182
        2480           922
       10247         -2917
         298          5266
        4057          -318
         836          4926
         131          5340
        3094            33
        4499           203
        4500           -34
        3484          -246
        2945           345
         621          3187
       -2734           854
        3242           153
        3242           -54
         355          4969
         393          4598
       10655           884
        3464           -23
        1340          3561
        1401          2343
        1816           429
        3926             7
         241          5533
       10303         -2991
        2146          1158
        1892           -45
       10248         -3154
        2169           118
        2242           356
        3428          -128
       10247         -3006
       -4826          5677
        9971         -3200
       10615          1418
        5463          -252
        4075           -21
        2291          1783
        8103           709
         786          3440
         916          3277
        4427          -316
        2834           270
        4071           795
        2295           802
       10328          -616
        4702           189
        2241           535
        2557           283
        6111          -501
        6222          -575
       -5900          1584
        5947          -903
        6336         -1035
        6408          -663
        4518            55
        3574           318
        5984         -1051
        6389          -619
        3373          -262
        4535           307
        2553          1115
