       -2734           854
        3242           153
        3242           -54
         355          4969
         393          4598
       10655           884
        3464           -23
        1340          3561
        1401          2343
        1816           429
        3926             7
         241          5533
       10303         -2991
        2146          1158
        1892           -45
       10248         -3154
        2169           118
        2242           356
        3428          -128
       10247         -3006
       -4826          5677
        9971         -3200
       10615          1418
        5463          -252
        4075           -21
        2291          1783
        8103           709
         786          3440
         916          3277
        4427          -316
        2834           270
        4071           795
        2295           802
       10328          -616
        4702           189
        2241           535
        2557           283
        6111          -501
        6222          -575
       -5900          1584
        5947          -903
        6336         -1035
        6408          -663
        4518            55
        3574           318
        5984         -1051
        6389          -619
        3373          -262
        4535           307
        2553          1115
       10048         -3793
        1278          5314
         999          5685
        4760          -211
        3352           153
        4407            -4
        5333          -193
        -318          2396
        5685          -266
        6017          -101
        5241          -268
        4573            70
        4277            98
        3833           126
        3107          1370
        6148          -531
        2570          1383
        4370           113
        1182          1629
        1586          2404
        4463           -78
        7861          1168
        7476           335
        7254           438
        7291           394
        4779          -314
        4519          -241
        6054          -220
        1759          5138
        8635          1780
        5501          -549
        5519          -400
        4073           275
       10828          3615
         853          5120
        5704          -444
        5832          -235
        5555          -252
        2683          1057
        5871          -592
        5295           -60
       10403          -823
        3908           -81
        3352           183
        2370           580
        6127            92
        3759           170
        5759          -429
        3482           198
        3557           -82
