       10048         -3793
        1278          5314
         999          5685
        4760          -211
        3352           153
        4407            -4
        5333          -193
        -318          2396
        5685          -266
        6017          -101
        5241          -268
        4573            70
        4277            98
        3833           126
        3107          1370
        6148          -531
        2570          1383
        4370           113
        1182          1629
        1586          2404
        4463           -78
        7861          1168
        7476           335
        7254           438
        7291           394
        4779          -314
        4519          -241
        6054          -220
        1759          5138
        8635          1780
        5501          -549
        5519          -400
        4073           275
       10828          3615
         853          5120
        5704          -444
        5832          -235
        5555          -252
        2683          1057
        5871          -592
        5295           -60
       10403          -823
        3908           -81
        3352           183
        2370           580
        6127            92
        3759           170
        5759          -429
        3482           198
        3557           -82
        1983          4782
        1797          5004
        3370           287
        3296           331
        3351           450
         485          4821
        6185          -397
        2550          1680
        4111            68
        2679          1859
        2090          1336
        2237          1396
         590          6114
        3750          7047
        3768          7002
        4480           218
         411          4821
        1085          2624
        3927          -200
        1252          2491
        6742          -855
        3521          -216
        6852          -706
        6777          -558
       10856          1271
        2094          4619
        4241           -35
        3889           126
        4258           232
        4425           277
       -2556          2431
        3909          -111
        2224           178
        3833           215
        6778          -721
        2331          1100
       10984          1568
       10688          1715
        2498           996
        -985          2512
        4743          -523
        5186          -313
        5389          -297
        6648          -514
       10341         -3154
         712          8269
        -334          6244
        1917          2672
       10267         -3258
        4555           -48
