        1983          4782
        1797          5004
        3370           287
        3296           331
        3351           450
         485          4821
        6185          -397
        2550          1680
        4111            68
        2679          1859
        2090          1336
        2237          1396
         590          6114
        3750          7047
        3768          7002
        4480           218
         411          4821
        1085          2624
        3927          -200
        1252          2491
        6742          -855
        3521          -216
        6852          -706
        6777          -558
       10856          1271
        2094          4619
        4241           -35
        3889           126
        4258           232
        4425           277
       -2556          2431
        3909          -111
        2224           178
        3833           215
        6778          -721
        2331          1100
       10984          1568
       10688          1715
        2498           996
        -985          2512
        4743          -523
        5186          -313
        5389          -297
        6648          -514
       10341         -3154
         712          8269
        -334          6244
        1917          2672
       10267         -3258
        4555           -48
        6334          -753
        9672          1414
        4482           -34
       10029         -3675
        4705          -359
        4520          -345
        6648          -648
       -1132          2422
        3298             5
        4483          -390
        2383          1857
        4019            -6
        4074           171
        4315            69
       10138         -3377
        1815           785
        3961           617
         966          4749
        4020          -259
         869          5729
       10156         -3318
         832          1375
        1740           889
        1870           756
        1890          4812
        2242           371
        1980          5436
        6184          -293
        6184          -204
        6165           -71
        3872          -229
        3926           156
        3964           -36
        4277            83
         613          5059
        3927          -125
        1906           994
        5981          -428
        6056          -591
        6203          -323
        6276          -219
        5981          -398
        6074          -487
        5779          -637
        6403           330
        5724          -726
        5944          -413
        2370           580
        1055          1064
       10212         -3332
