36.924833 139.393167 4.070000 1.100000 2013 3 21 10 13 18.820000
36.955000 139.417333 4.940000 0.900000 2013 3 21 13 5 7.910000
36.908167 139.401333 4.420000 0.000000 2013 3 21 15 18 15.480000
36.958000 139.360167 4.620000 0.700000 2013 3 21 15 44 29.360000
36.910167 139.397667 4.630000 0.500000 2013 3 21 17 1 26.490000
36.908500 139.397833 4.480000 1.500000 2013 3 21 17 54 5.710000
36.927667 139.394333 4.210000 0.600000 2013 3 21 18 59 12.740000
36.857667 139.429167 4.900000 0.300000 2013 3 21 19 22 9.690000
36.897500 139.401833 4.860000 0.900000 2013 3 21 20 5 1.350000
36.908167 139.397333 5.540000 1.100000 2013 3 21 20 59 15.540000
36.889333 139.422667 2.980000 0.400000 2013 3 21 22 27 14.170000
36.904000 139.401667 4.340000 0.700000 2013 3 21 23 9 32.060000
36.904500 139.403667 4.500000 0.700000 2013 3 22 0 7 5.360000
36.906667 139.402500 4.300000 0.500000 2013 3 22 0 11 51.450000
36.959000 139.363500 4.430000 1.100000 2013 3 22 1 12 29.440000
36.884167 139.410667 3.360000 0.300000 2013 3 22 4 44 55.640000
36.903500 139.408667 3.340000 1.900000 2013 3 22 6 52 5.810000
36.876667 139.455167 3.750000 0.800000 2013 3 22 7 20 2.570000
36.904000 139.398833 5.210000 1.600000 2013 3 22 8 36 1.060000
36.875833 139.466167 3.590000 1.200000 2013 3 22 10 3 9.330000
36.959167 139.364167 4.320000 0.800000 2013 3 22 14 21 42.230000
36.875333 139.417333 5.770000 0.800000 2013 3 22 14 34 31.710000
36.883500 139.411833 3.610000 0.600000 2013 3 22 15 49 12.980000
36.884667 139.410333 3.640000 1.400000 2013 3 22 15 49 55.840000
36.885000 139.455833 5.410000 2.300000 2013 3 22 17 5 51.070000
36.888000 139.406000 3.480000 0.500000 2013 3 22 18 5 39.270000
36.885833 139.462833 3.810000 0.800000 2013 3 22 21 8 58.730000
36.923500 139.398333 3.650000 0.900000 2013 3 23 1 13 25.380000
36.923500 139.399333 3.800000 0.900000 2013 3 23 1 17 13.330000
36.923333 139.400833 4.040000 0.400000 2013 3 23 4 57 43.970000
36.902667 139.399167 4.760000 2.000000 2013 3 23 7 17 33.260000
36.903167 139.403500 5.070000 0.400000 2013 3 23 7 19 3.350000
36.903500 139.401333 4.220000 0.200000 2013 3 23 7 20 53.130000
36.906333 139.402667 4.450000 0.900000 2013 3 23 8 10 42.150000
36.873500 139.458667 3.740000 0.600000 2013 3 23 8 31 47.460000
36.903167 139.400333 3.640000 0.700000 2013 3 23 19 41 20.320000
36.885000 139.413000 3.930000 0.600000 2013 3 24 0 12 15.110000
36.921667 139.396833 3.750000 1.500000 2013 3 24 3 39 1.270000
36.922333 139.395000 3.680000 1.300000 2013 3 24 3 41 52.790000
36.923667 139.398000 3.840000 0.600000 2013 3 24 3 48 51.990000
36.924333 139.399167 3.990000 0.500000 2013 3 24 3 51 34.680000
36.921667 139.397167 4.040000 0.600000 2013 3 24 4 11 15.580000
36.922500 139.396167 3.820000 0.800000 2013 3 24 4 27 28.970000
36.919833 139.394500 3.790000 0.800000 2013 3 24 4 50 9.760000
36.925500 139.405333 4.970000 0.600000 2013 3 24 5 29 7.160000
36.919333 139.393500 4.120000 3.000000 2013 3 24 15 6 17.880000
36.921333 139.397000 5.230000 1.200000 2013 3 24 16 46 0.910000
36.889167 139.408333 3.780000 0.600000 2013 3 24 16 53 29.770000
36.877333 139.413833 3.920000 1.700000 2013 3 24 19 9 4.710000
36.959667 139.364000 4.190000 0.500000 2013 3 24 23 45 32.770000
36.927167 139.397833 4.130000 0.400000 2013 3 25 0 6 38.690000
36.887833 139.416833 4.390000 0.300000 2013 3 25 0 16 38.200000
36.926500 139.397333 4.000000 1.000000 2013 3 25 2 23 49.830000
36.926833 139.397000 4.240000 0.100000 2013 3 25 2 27 7.680000
36.963500 139.375500 3.950000 1.000000 2013 3 25 2 29 24.140000
36.962667 139.375500 4.070000 0.500000 2013 3 25 2 47 5.860000
36.864667 139.432667 4.200000 1.600000 2013 3 25 3 6 3.790000
36.922167 139.402167 4.280000 0.900000 2013 3 25 6 30 34.800000
36.927833 139.393667 4.220000 1.600000 2013 3 25 12 23 37.990000
36.900000 139.401833 4.390000 0.600000 2013 3 25 14 3 38.730000
36.899833 139.400833 4.620000 1.600000 2013 3 25 14 4 8.780000
36.922333 139.397167 4.010000 0.600000 2013 3 25 17 2 25.190000
36.899833 139.402667 5.030000 0.800000 2013 3 25 17 15 21.150000
36.922167 139.398167 4.050000 0.800000 2013 3 25 17 38 5.360000
36.905667 139.404833 3.850000 0.400000 2013 3 25 17 39 37.980000
36.921500 139.400167 3.580000 0.300000 2013 3 25 17 40 31.890000
36.966333 139.416000 5.540000 0.500000 2013 3 25 18 53 42.040000
36.862833 139.427167 3.880000 0.700000 2013 3 25 21 0 10.010000
36.902333 139.399500 5.200000 0.600000 2013 3 26 0 55 6.510000
36.918167 139.402333 4.790000 0.600000 2013 3 26 9 59 24.660000
36.962167 139.376667 4.030000 0.800000 2013 3 26 10 26 27.830000
36.966000 139.378667 4.510000 0.800000 2013 3 26 10 42 11.260000
36.922000 139.397333 3.580000 0.600000 2013 3 26 13 10 29.930000
36.965167 139.413000 4.500000 1.100000 2013 3 26 13 15 16.710000
36.916167 139.401667 3.960000 0.800000 2013 3 26 15 3 47.710000
36.886500 139.405167 3.610000 1.400000 2013 3 26 16 1 47.920000
36.911500 139.401833 4.280000 0.800000 2013 3 26 16 20 50.590000
36.908333 139.400667 3.570000 0.700000 2013 3 26 16 21 1.120000
36.966333 139.418000 4.930000 0.700000 2013 3 26 16 37 13.200000
36.964333 139.417000 4.600000 0.800000 2013 3 26 16 38 52.980000
36.917333 139.402000 4.110000 1.700000 2013 3 26 16 42 32.560000
36.906833 139.402833 4.320000 0.700000 2013 3 26 19 32 18.500000
36.905500 139.399833 5.260000 0.400000 2013 3 27 1 34 7.000000
36.905000 139.401000 4.340000 0.900000 2013 3 27 3 36 32.630000
36.896333 139.404167 4.720000 -0.100000 2013 3 27 3 38 13.290000
36.898500 139.396833 6.000000 0.500000 2013 3 27 4 24 50.320000
36.904167 139.399167 5.520000 0.300000 2013 3 27 12 52 39.460000
36.888167 139.412667 4.290000 1.500000 2013 3 27 13 47 49.320000
36.886667 139.412667 4.340000 1.600000 2013 3 27 20 22 33.840000
36.908667 139.402667 4.630000 0.300000 2013 3 27 21 4 40.850000
36.908667 139.401333 4.550000 0.600000 2013 3 27 23 43 13.660000
36.890000 139.414667 4.190000 0.700000 2013 3 28 2 13 16.250000
36.910500 139.395000 5.020000 1.200000 2013 3 28 3 28 11.240000
36.905000 139.399667 5.310000 1.000000 2013 3 28 5 16 58.580000
36.903500 139.399667 4.740000 1.100000 2013 3 28 5 20 19.270000
36.903167 139.401667 4.530000 0.500000 2013 3 28 5 23 32.360000
36.907167 139.401167 4.290000 0.800000 2013 3 28 7 56 11.790000
36.887000 139.411500 3.350000 0.600000 2013 3 28 9 53 53.820000
36.908500 139.401000 4.460000 1.900000 2013 3 28 11 40 46.930000
36.891833 139.406500 5.450000 1.000000 2013 3 29 9 48 59.530000
