        6334          -753
        9672          1414
        4482           -34
       10029         -3675
        4705          -359
        4520          -345
        6648          -648
       -1132          2422
        3298             5
        4483          -390
        2383          1857
        4019            -6
        4074           171
        4315            69
       10138         -3377
        1815           785
        3961           617
         966          4749
        4020          -259
         869          5729
       10156         -3318
         832          1375
        1740           889
        1870           756
        1890          4812
        2242           371
        1980          5436
        6184          -293
        6184          -204
        6165           -71
        3872          -229
        3926           156
        3964           -36
        4277            83
         613          5059
        3927          -125
        1906           994
        5981          -428
        6056          -591
        6203          -323
        6276          -219
        5981          -398
        6074          -487
        5779          -637
        6403           330
        5724          -726
        5944          -413
        2370           580
        1055          1064
       10212         -3332
        6591          -336
        2219          1337
        6517          -381
        6555          -410
       10632         -2306
       10540         -2307
        -357          2737
        6035            47
        6667          -707
        3575             6
        3557           -82
        6055          -398
        3556            80
        6036          -309
        4203           276
        5962          -131
       10930          1301
        -558          2246
        3835          -200
        5591            59
       10484         -2203
       10908         -2023
        6018          -383
       10802          1033
        5369             0
        2076           296
        4851            12
        4500           -93
       10929          1479
       10708          1389
        5498            29
        4333            98
        4186          -169
        4130           -65
        3167           212
        3411          -440
        4039          -229
        2258           966
        2091           965
        4536            84
        4537           -33
        2460          1145
        4743          -597
        4131          -184
        3964          -185
        3927            -6
        4371           -49
        2129           861
        4519           -63
        2667           418
