        2163          1440
        1760           592
        5978           358
        5350           207
        -408          1875
       -2471          -199
       -2009          -152
       -2631          2564
       -3443          2130
        4354          -406
       -1806           -62
        2572           922
        1573          1096
        2888           582
        4315          -109
       -1995           872
        1445           813
        6222          -501
        6331          -129
        5110            72
        2571          1205
        5813            60
        2834           314
        5404           356
         312          1789
        6390          -767
        5349           311
        1498          1244
        2256          1307
        5591           -73
        2164          1262
        2093           564
        2711         -1052
        6389          -649
        6296          -515
        1228          -331
        2686           343
        2016          1351
        1631           487
        6239          -234
        2037           742
          38          5428
        1253          2402
         762           469
         392           348
        2738          1042
        1001           707
       -3368          1877
        6166          -323
        1168           693
         630           958
        6167          -605
        5685          -251
        5202           117
        5018          -135
        6203          -456
        5833          -265
        2090          1217
        6183          -115
        4832           101
        4853          -463
        5462          -118
       -2008          -286
       -1933          -523
       -2323          -198
        6351          -278
        2633          -265
        4447          -494
        6186          -783
        6166          -293
        5813           -28
        5333          -193
        5944          -458
         947           336
        4723          -211
        2183          1099
        -377         -1036
        6055          -442
        5389          -297
        7550           321
        5018           -31
        2369           936
        6296          -501
       -1126          1025
        4021          -437
       -4843           994
        1533          1720
       -4992          1157
         646          1568
       -4808          1261
       -2175          -242
        2904          1176
        2458          1709
       -2901           854
        2201          1173
        2701          1161
        2908           330
         615           304
        1980           979
        4889          -166
