36.887333 139.418000 3.990000 1.100000 2013 2 25 17 9 50.930000
36.883667 139.408500 3.740000 2.100000 2013 2 25 17 10 29.270000
36.921667 139.405667 5.220000 1.800000 2013 2 25 17 11 13.830000
36.916000 139.404000 5.220000 1.600000 2013 2 25 17 11 35.670000
36.864167 139.423000 4.090000 1.700000 2013 2 25 17 11 57.950000
36.845500 139.399833 3.080000 2.400000 2013 2 25 17 12 7.050000
36.849667 139.400333 3.400000 1.800000 2013 2 25 17 12 43.400000
36.844167 139.430833 4.660000 1.700000 2013 2 25 17 12 55.960000
36.836833 139.426000 5.760000 1.200000 2013 2 25 17 13 18.310000
36.907000 139.397167 3.980000 1.000000 2013 2 25 17 15 20.740000
36.851500 139.401333 3.600000 1.800000 2013 2 25 17 15 35.520000
36.891000 139.412167 4.350000 2.400000 2013 2 25 17 16 11.770000
36.882000 139.414167 5.710000 2.200000 2013 2 25 17 16 45.480000
36.893833 139.408333 3.420000 1.600000 2013 2 25 17 17 13.360000
36.906667 139.400500 4.110000 1.700000 2013 2 25 17 18 1.140000
36.849833 139.411833 3.250000 2.500000 2013 2 25 17 19 1.340000
36.880833 139.411000 5.640000 1.500000 2013 2 25 17 20 23.350000
36.923833 139.396000 2.290000 1.300000 2013 2 25 17 21 3.800000
36.924833 139.400167 3.960000 1.600000 2013 2 25 17 21 41.320000
36.913833 139.402500 4.760000 2.200000 2013 2 25 17 21 46.820000
36.891000 139.415333 4.100000 2.500000 2013 2 25 17 21 56.980000
36.920167 139.402333 4.900000 2.400000 2013 2 25 17 22 10.750000
36.893333 139.405333 4.730000 1.100000 2013 2 25 17 22 55.840000
36.916500 139.405667 3.930000 0.900000 2013 2 25 17 23 21.400000
36.870667 139.422000 4.480000 2.000000 2013 2 25 17 23 44.860000
36.925333 139.393000 3.460000 1.700000 2013 2 25 17 24 14.280000
36.916000 139.405167 4.900000 2.200000 2013 2 25 17 24 19.110000
36.881333 139.415833 5.500000 1.500000 2013 2 25 17 24 47.630000
36.888167 139.416500 3.410000 1.500000 2013 2 25 17 25 8.380000
36.918167 139.400833 3.680000 1.200000 2013 2 25 17 25 32.190000
36.887333 139.416000 3.790000 1.800000 2013 2 25 17 25 49.740000
36.886667 139.408167 2.950000 1.300000 2013 2 25 17 26 3.680000
36.892167 139.390000 4.980000 0.800000 2013 2 25 17 27 11.620000
36.925333 139.394333 3.870000 1.900000 2013 2 25 17 27 46.110000
36.924500 139.395833 4.170000 1.600000 2013 2 25 17 28 2.410000
36.878833 139.398167 2.080000 1.400000 2013 2 25 17 28 28.370000
36.892000 139.405667 3.500000 1.300000 2013 2 25 17 28 52.020000
36.886000 139.417000 3.580000 1.500000 2013 2 25 17 29 24.290000
36.882500 139.407333 3.370000 2.100000 2013 2 25 17 29 32.190000
36.924000 139.399000 4.400000 0.900000 2013 2 25 17 30 33.730000
36.886167 139.410167 4.120000 0.900000 2013 2 25 17 31 1.460000
36.868333 139.462833 3.660000 0.800000 2013 2 25 17 32 25.250000
36.879167 139.428833 3.510000 1.000000 2013 2 25 17 32 57.600000
36.874667 139.407167 3.060000 4.000000 2013 2 25 17 33 38.610000
36.871333 139.405833 3.190000 1.900000 2013 2 25 17 35 14.120000
36.892500 139.413500 4.170000 1.600000 2013 2 25 17 35 47.770000
36.876833 139.409833 3.310000 1.100000 2013 2 25 17 36 8.810000
36.837500 139.423167 4.610000 2.100000 2013 2 25 17 36 49.420000
36.923333 139.398000 3.850000 1.100000 2013 2 25 17 37 16.630000
36.878333 139.409667 3.120000 1.600000 2013 2 25 17 38 25.610000
36.873500 139.412667 3.210000 2.500000 2013 2 25 17 39 13.300000
36.923333 139.394833 3.500000 0.700000 2013 2 25 17 40 12.200000
36.919000 139.398833 4.090000 3.100000 2013 2 25 17 41 0.620000
36.914667 139.403000 4.780000 1.000000 2013 2 25 17 42 29.300000
36.913000 139.400167 3.540000 1.200000 2013 2 25 17 43 23.250000
36.923667 139.396500 3.930000 1.600000 2013 2 25 17 43 42.250000
36.920333 139.398667 3.730000 2.200000 2013 2 25 17 43 54.260000
36.886667 139.415500 3.500000 0.600000 2013 2 25 17 45 16.540000
36.923500 139.400333 3.960000 0.900000 2013 2 25 17 45 27.170000
36.911333 139.402833 4.600000 1.200000 2013 2 25 17 45 55.710000
36.911500 139.396500 3.440000 2.900000 2013 2 25 17 46 22.040000
36.917000 139.400333 3.110000 1.500000 2013 2 25 17 47 2.610000
36.849667 139.398833 3.730000 2.500000 2013 2 25 17 47 11.300000
36.850333 139.396167 3.900000 2.000000 2013 2 25 17 48 7.060000
36.846833 139.399833 3.180000 2.400000 2013 2 25 17 50 10.320000
36.925000 139.398500 3.920000 0.900000 2013 2 25 17 51 10.520000
36.891500 139.398833 3.650000 0.900000 2013 2 25 17 51 38.820000
36.907833 139.396167 4.660000 2.500000 2013 2 25 17 52 25.700000
36.923500 139.392833 4.140000 1.800000 2013 2 25 17 52 58.210000
36.923333 139.398333 4.220000 1.700000 2013 2 25 17 53 29.960000
36.920167 139.401333 4.600000 1.000000 2013 2 25 17 54 21.300000
36.915833 139.399500 3.730000 1.700000 2013 2 25 17 55 14.810000
36.921333 139.396500 3.730000 1.800000 2013 2 25 17 55 47.320000
36.876333 139.405667 3.310000 0.800000 2013 2 25 17 57 1.940000
36.910333 139.399333 6.180000 1.900000 2013 2 25 17 57 52.450000
36.887500 139.414167 4.000000 1.100000 2013 2 25 17 59 10.350000
36.864333 139.390333 4.820000 1.400000 2013 2 25 17 59 19.440000
36.922333 139.396667 2.670000 1.200000 2013 2 25 17 59 48.780000
36.916333 139.398333 4.350000 1.400000 2013 2 25 18 0 47.000000
36.935833 139.405167 4.560000 0.700000 2013 2 25 18 1 8.490000
36.913000 139.401333 4.140000 2.300000 2013 2 25 18 1 30.040000
36.889167 139.412333 4.590000 1.500000 2013 2 25 18 2 22.420000
36.924500 139.396000 3.720000 0.900000 2013 2 25 18 3 5.560000
36.857667 139.413500 3.680000 1.200000 2013 2 25 18 3 48.620000
36.904000 139.396833 4.870000 2.500000 2013 2 25 18 4 5.380000
36.824167 139.413333 3.910000 2.100000 2013 2 25 18 4 57.210000
36.881667 139.421167 4.920000 2.100000 2013 2 25 18 5 51.040000
36.822833 139.415167 4.120000 2.800000 2013 2 25 18 7 14.310000
36.873667 139.419500 4.340000 1.000000 2013 2 25 18 8 8.770000
36.824500 139.416333 4.040000 0.900000 2013 2 25 18 8 31.090000
36.848167 139.399333 3.420000 1.100000 2013 2 25 18 8 38.560000
36.894000 139.415000 3.410000 0.800000 2013 2 25 18 9 8.810000
36.890000 139.421000 5.080000 1.400000 2013 2 25 18 9 30.570000
36.841667 139.411667 3.190000 2.300000 2013 2 25 18 10 27.950000
36.887667 139.415000 2.560000 0.800000 2013 2 25 18 11 10.050000
36.892167 139.414833 3.960000 1.300000 2013 2 25 18 11 16.450000
36.894000 139.405500 3.850000 1.100000 2013 2 25 18 11 46.150000
36.873333 139.405333 2.770000 3.200000 2013 2 25 18 12 35.700000
36.885667 139.412833 4.390000 2.100000 2013 2 25 18 14 48.770000
36.911833 139.399833 3.680000 1.500000 2013 2 25 18 16 12.470000
