36.873500 139.412667 3.210000 2.500000 2013 2 25 17 39 13.300000
36.923333 139.394833 3.500000 0.700000 2013 2 25 17 40 12.200000
36.919000 139.398833 4.090000 3.100000 2013 2 25 17 41 0.620000
36.914667 139.403000 4.780000 1.000000 2013 2 25 17 42 29.300000
36.913000 139.400167 3.540000 1.200000 2013 2 25 17 43 23.250000
36.923667 139.396500 3.930000 1.600000 2013 2 25 17 43 42.250000
36.920333 139.398667 3.730000 2.200000 2013 2 25 17 43 54.260000
36.886667 139.415500 3.500000 0.600000 2013 2 25 17 45 16.540000
36.923500 139.400333 3.960000 0.900000 2013 2 25 17 45 27.170000
36.911333 139.402833 4.600000 1.200000 2013 2 25 17 45 55.710000
36.911500 139.396500 3.440000 2.900000 2013 2 25 17 46 22.040000
36.917000 139.400333 3.110000 1.500000 2013 2 25 17 47 2.610000
36.849667 139.398833 3.730000 2.500000 2013 2 25 17 47 11.300000
36.850333 139.396167 3.900000 2.000000 2013 2 25 17 48 7.060000
36.846833 139.399833 3.180000 2.400000 2013 2 25 17 50 10.320000
36.925000 139.398500 3.920000 0.900000 2013 2 25 17 51 10.520000
36.891500 139.398833 3.650000 0.900000 2013 2 25 17 51 38.820000
36.907833 139.396167 4.660000 2.500000 2013 2 25 17 52 25.700000
36.923500 139.392833 4.140000 1.800000 2013 2 25 17 52 58.210000
36.923333 139.398333 4.220000 1.700000 2013 2 25 17 53 29.960000
36.920167 139.401333 4.600000 1.000000 2013 2 25 17 54 21.300000
36.915833 139.399500 3.730000 1.700000 2013 2 25 17 55 14.810000
36.921333 139.396500 3.730000 1.800000 2013 2 25 17 55 47.320000
36.876333 139.405667 3.310000 0.800000 2013 2 25 17 57 1.940000
36.910333 139.399333 6.180000 1.900000 2013 2 25 17 57 52.450000
36.887500 139.414167 4.000000 1.100000 2013 2 25 17 59 10.350000
36.864333 139.390333 4.820000 1.400000 2013 2 25 17 59 19.440000
36.922333 139.396667 2.670000 1.200000 2013 2 25 17 59 48.780000
36.916333 139.398333 4.350000 1.400000 2013 2 25 18 0 47.000000
36.935833 139.405167 4.560000 0.700000 2013 2 25 18 1 8.490000
36.913000 139.401333 4.140000 2.300000 2013 2 25 18 1 30.040000
36.889167 139.412333 4.590000 1.500000 2013 2 25 18 2 22.420000
36.924500 139.396000 3.720000 0.900000 2013 2 25 18 3 5.560000
36.857667 139.413500 3.680000 1.200000 2013 2 25 18 3 48.620000
36.904000 139.396833 4.870000 2.500000 2013 2 25 18 4 5.380000
36.824167 139.413333 3.910000 2.100000 2013 2 25 18 4 57.210000
36.881667 139.421167 4.920000 2.100000 2013 2 25 18 5 51.040000
36.822833 139.415167 4.120000 2.800000 2013 2 25 18 7 14.310000
36.873667 139.419500 4.340000 1.000000 2013 2 25 18 8 8.770000
36.824500 139.416333 4.040000 0.900000 2013 2 25 18 8 31.090000
36.848167 139.399333 3.420000 1.100000 2013 2 25 18 8 38.560000
36.894000 139.415000 3.410000 0.800000 2013 2 25 18 9 8.810000
36.890000 139.421000 5.080000 1.400000 2013 2 25 18 9 30.570000
36.841667 139.411667 3.190000 2.300000 2013 2 25 18 10 27.950000
36.887667 139.415000 2.560000 0.800000 2013 2 25 18 11 10.050000
36.892167 139.414833 3.960000 1.300000 2013 2 25 18 11 16.450000
36.894000 139.405500 3.850000 1.100000 2013 2 25 18 11 46.150000
36.873333 139.405333 2.770000 3.200000 2013 2 25 18 12 35.700000
36.885667 139.412833 4.390000 2.100000 2013 2 25 18 14 48.770000
36.911833 139.399833 3.680000 1.500000 2013 2 25 18 16 12.470000
36.890667 139.419000 3.330000 0.800000 2013 2 25 18 16 28.380000
36.861333 139.423167 3.690000 1.300000 2013 2 25 18 17 0.450000
36.925500 139.395667 3.990000 1.000000 2013 2 25 18 17 12.760000
36.863000 139.463833 3.560000 0.600000 2013 2 25 18 17 49.060000
36.871333 139.391333 3.270000 1.600000 2013 2 25 18 18 16.280000
36.913667 139.404667 4.660000 1.300000 2013 2 25 18 18 27.090000
36.957833 139.359167 4.020000 1.900000 2013 2 25 18 18 53.440000
36.890500 139.415500 4.000000 0.800000 2013 2 25 18 19 36.470000
36.823833 139.415833 4.030000 2.800000 2013 2 25 18 19 46.380000
36.888000 139.414500 4.240000 2.000000 2013 2 25 18 20 22.110000
36.900667 139.405000 4.060000 1.200000 2013 2 25 18 20 39.320000
36.880667 139.419833 2.570000 0.500000 2013 2 25 18 21 48.480000
36.893000 139.403167 4.150000 1.300000 2013 2 25 18 22 19.730000
36.909667 139.395833 5.170000 1.800000 2013 2 25 18 22 54.760000
36.899833 139.408667 2.680000 2.500000 2013 2 25 18 23 9.940000
36.892167 139.409000 3.950000 1.000000 2013 2 25 18 24 6.040000
36.901667 139.413000 3.250000 0.600000 2013 2 25 18 24 33.920000
36.894500 139.408333 3.830000 0.800000 2013 2 25 18 25 1.430000
36.924833 139.399667 4.260000 1.000000 2013 2 25 18 25 24.400000
36.911333 139.397000 4.480000 1.300000 2013 2 25 18 25 39.400000
36.877833 139.418167 5.470000 1.200000 2013 2 25 18 25 56.090000
36.892833 139.402167 3.830000 1.700000 2013 2 25 18 26 27.160000
36.845000 139.412000 3.960000 1.100000 2013 2 25 18 27 4.320000
36.925667 139.396667 3.950000 0.800000 2013 2 25 18 27 26.560000
36.858833 139.416667 3.660000 1.600000 2013 2 25 18 27 41.050000
36.891000 139.405167 3.030000 1.300000 2013 2 25 18 28 35.170000
36.918333 139.405000 4.360000 1.300000 2013 2 25 18 29 39.720000
36.919833 139.395500 3.700000 1.700000 2013 2 25 18 29 50.540000
36.909000 139.397333 5.250000 2.000000 2013 2 25 18 30 23.340000
36.895667 139.403500 3.860000 1.700000 2013 2 25 18 30 39.840000
36.926000 139.403000 4.420000 1.100000 2013 2 25 18 31 9.390000
36.885833 139.408667 3.240000 1.500000 2013 2 25 18 31 22.360000
36.892167 139.413667 2.790000 0.600000 2013 2 25 18 32 25.550000
36.912833 139.399000 3.980000 1.200000 2013 2 25 18 33 15.600000
36.859500 139.421333 4.070000 1.800000 2013 2 25 18 33 54.100000
36.908000 139.401833 3.370000 0.600000 2013 2 25 18 34 50.040000
36.879500 139.426500 2.740000 0.500000 2013 2 25 18 35 28.720000
36.879833 139.431333 5.410000 1.000000 2013 2 25 18 36 1.720000
36.925333 139.401167 4.200000 0.700000 2013 2 25 18 36 15.870000
36.867500 139.395500 3.040000 0.700000 2013 2 25 18 37 8.400000
36.875833 139.386333 3.510000 1.100000 2013 2 25 18 37 19.440000
36.822833 139.418833 3.950000 2.700000 2013 2 25 18 37 27.860000
36.822000 139.420000 3.890000 3.100000 2013 2 25 18 38 21.720000
36.910500 139.400000 4.750000 1.600000 2013 2 25 18 39 15.630000
36.910167 139.398833 4.110000 2.500000 2013 2 25 18 40 26.970000
36.884000 139.410833 4.640000 2.100000 2013 2 25 18 41 10.200000
36.862500 139.412167 3.650000 1.500000 2013 2 25 18 41 44.270000
36.928667 139.398667 4.100000 1.000000 2013 2 25 18 42 41.870000
36.921833 139.396667 3.740000 1.400000 2013 2 25 18 43 6.990000
36.836500 139.401000 4.140000 1.200000 2013 2 25 18 43 32.910000
