        2533          1531
        -723          1889
        6407          -530
        -553          5515
         398          -944
        5090           265
       10011         -3764
        2515          1219
       -4881          1216
        2238          1129
        3648           288
        1423          1601
        2798           121
        4650          -523
        3554           615
        2703           641
        3756          1002
        2962           582
        6332          -174
        4835          -418
        1109          1451
        2780            32
       -2531           885
        6425          -441
        -998          1308
        2575           298
        5608           297
        5778          -548
        4576          -390
        3094           152
        6460           123
        2000           608
        2701          1057
        5000          -239
        -926          1724
        4463            10
        1291          2194
        1326          2625
        6386           -40
         -28          -574
         900         -1387
       -4993          1484
       -5086          1587
        4741          -151
        4704          -255
        1796           800
        -589           908
        6757          -261
        6000          -443
       -3470           -99
        2501           283
         639          3276
        7162           200
        1229          3635
        2595            76
        5034           473
        6443          -292
        2311          1530
        5998          -116
        1519           665
        6075          -724
        7146          -259
        5389          -356
        6072           -56
         863          2742
        6556          -633
        5537          -341
        1760           636
       -4826          1142
         928          5046
        6555          -559
        -870          1665
        6611          -544
       -4714           935
        3646           793
        -812          1115
       -4845          1321
       -4883          1603
        1028          3040
        6260          -753
        6500          -559
        6129          -412
       -5196          1275
        6685          -514
        5776             1
        1234          2462
        5074          -165
        5498           178
        6163           196
       -2685          2371
        3813           556
        6500          -515
        5461            59
       -3123           986
         965           544
         682          1776
        2427           342
        5406           -89
         905          1584
         973          3025
