        2501           283
         639          3276
        7162           200
        1229          3635
        2595            76
        5034           473
        6443          -292
        2311          1530
        5998          -116
        1519           665
        6075          -724
        7146          -259
        5389          -356
        6072           -56
         863          2742
        6556          -633
        5537          -341
        1760           636
       -4826          1142
         928          5046
        6555          -559
        -870          1665
        6611          -544
       -4714           935
        3646           793
        -812          1115
       -4845          1321
       -4883          1603
        1028          3040
        6260          -753
        6500          -559
        6129          -412
       -5196          1275
        6685          -514
        5776             1
        1234          2462
        5074          -165
        5498           178
        6163           196
       -2685          2371
        3813           556
        6500          -515
        5461            59
       -3123           986
         965           544
         682          1776
        2427           342
        5406           -89
         905          1584
         973          3025
        6389          -663
        4723          -359
       -5013          1647
        4816          -448
        5203           -75
        1065          3011
        6462          -440
        6518          -440
        5999          -205
        2626          1249
        3031          1756
        1271          2373
        6019          -561
        6443          -292
        2811          1265
        1333           917
        2390           298
        2317           193
        2075           504
        2166           817
        -905          1174
         617          -170
         578           126
        -722          1651
        2481           699
        1759           770
        5962          -324
        1327          2343
        6186          -724
        4868           502
        4667          -256
        6093          -502
        2647           685
       -3379           227
        2053          1232
         832          5862
        3089          1088
        5425          -163
         677          3098
        2570          1353
        4851           116
         620          3232
        3130           360
        6165          -100
        2275          1292
        1370          5359
       -4347          1754
        -185          1505
        5925          -324
        2553          1026
