36.890333 139.405000 3.390000 1.300000 2013 2 25 18 43 57.500000
36.873667 139.438667 5.650000 1.200000 2013 2 25 18 44 10.380000
36.932333 139.403833 4.170000 1.100000 2013 2 25 18 44 38.190000
36.879000 139.442667 2.760000 0.800000 2013 2 25 18 45 21.080000
36.891167 139.402667 3.820000 2.500000 2013 2 25 18 46 54.230000
36.913167 139.407000 4.520000 0.800000 2013 2 25 18 50 4.260000
36.925833 139.398333 3.920000 0.400000 2013 2 25 18 51 29.190000
36.888667 139.419000 3.960000 0.900000 2013 2 25 18 51 57.900000
36.921833 139.400333 4.140000 0.900000 2013 2 25 18 52 15.100000
36.881500 139.409333 3.630000 1.000000 2013 2 25 18 54 21.200000
36.922500 139.393500 3.540000 4.200000 2013 2 25 18 55 13.550000
36.932167 139.398667 4.930000 1.700000 2013 2 25 18 57 37.950000
36.916333 139.397667 3.470000 0.900000 2013 2 25 18 58 13.500000
36.922500 139.401000 3.370000 0.700000 2013 2 25 18 58 31.000000
36.875667 139.432667 5.480000 1.800000 2013 2 25 18 59 4.840000
36.926833 139.394500 4.080000 1.600000 2013 2 25 18 59 38.010000
36.917667 139.397833 3.910000 1.900000 2013 2 25 18 59 55.800000
36.883667 139.409000 3.400000 1.300000 2013 2 25 19 0 39.090000
36.824333 139.415000 4.190000 2.100000 2013 2 25 19 2 9.000000
36.876333 139.458500 3.500000 0.800000 2013 2 25 19 2 34.010000
36.926833 139.395333 3.970000 1.900000 2013 2 25 19 3 0.880000
36.860000 139.420667 3.930000 1.500000 2013 2 25 19 4 46.470000
36.927333 139.395500 4.200000 2.100000 2013 2 25 19 6 7.130000
36.825333 139.412667 4.980000 1.900000 2013 2 25 19 6 12.450000
36.900667 139.410667 3.120000 1.000000 2013 2 25 19 7 52.890000
36.860500 139.414500 3.960000 1.500000 2013 2 25 19 9 0.680000
36.824167 139.417000 4.320000 2.100000 2013 2 25 19 10 41.900000
36.823833 139.420167 4.590000 1.500000 2013 2 25 19 11 1.130000
36.877167 139.436000 5.420000 1.000000 2013 2 25 19 11 50.700000
36.924167 139.393167 3.160000 1.600000 2013 2 25 19 12 42.960000
36.926333 139.395333 4.630000 1.600000 2013 2 25 19 13 29.870000
36.923000 139.397000 4.150000 0.800000 2013 2 25 19 14 46.120000
36.821000 139.416500 4.300000 1.000000 2013 2 25 19 15 34.960000
36.928000 139.395833 3.560000 1.100000 2013 2 25 19 15 39.280000
36.919833 139.401667 4.090000 1.500000 2013 2 25 19 15 52.500000
36.879000 139.429500 4.540000 1.200000 2013 2 25 19 15 56.430000
36.913500 139.399833 3.490000 1.000000 2013 2 25 19 16 39.620000
36.917333 139.403667 4.490000 1.500000 2013 2 25 19 17 1.130000
36.923333 139.403833 4.720000 1.200000 2013 2 25 19 18 5.600000
36.843667 139.428667 4.500000 1.100000 2013 2 25 19 18 59.360000
36.902167 139.408000 2.960000 0.800000 2013 2 25 19 19 47.680000
36.926333 139.395833 4.120000 1.000000 2013 2 25 19 20 1.080000
36.917000 139.402333 4.070000 1.600000 2013 2 25 19 23 36.960000
36.839667 139.413167 4.110000 1.400000 2013 2 25 19 23 58.380000
36.876500 139.408000 3.280000 1.000000 2013 2 25 19 24 57.460000
36.874000 139.421833 5.200000 1.000000 2013 2 25 19 25 16.240000
36.889667 139.405667 3.700000 1.100000 2013 2 25 19 25 48.130000
36.916500 139.400667 3.710000 2.000000 2013 2 25 19 26 21.470000
36.876000 139.419667 4.180000 0.900000 2013 2 25 19 28 10.030000
36.876667 139.435833 5.430000 2.100000 2013 2 25 19 28 25.180000
36.925333 139.394167 3.490000 1.100000 2013 2 25 19 33 3.990000
36.910333 139.397667 3.460000 2.900000 2013 2 25 19 33 16.950000
36.822667 139.420667 4.450000 1.300000 2013 2 25 19 34 35.960000
36.911167 139.396667 3.290000 2.600000 2013 2 25 19 35 20.830000
36.914667 139.400833 4.180000 2.000000 2013 2 25 19 35 33.800000
36.877500 139.435667 2.590000 1.100000 2013 2 25 19 35 59.730000
36.926000 139.396667 3.250000 0.800000 2013 2 25 19 36 48.760000
36.926500 139.396667 3.980000 1.300000 2013 2 25 19 36 55.090000
36.921833 139.399333 3.870000 1.300000 2013 2 25 19 37 1.380000
36.891500 139.415833 4.070000 1.400000 2013 2 25 19 38 12.230000
36.895167 139.421500 3.500000 0.700000 2013 2 25 19 42 27.520000
36.879333 139.428500 5.500000 1.100000 2013 2 25 19 43 20.370000
36.922000 139.395333 2.880000 1.000000 2013 2 25 19 44 55.670000
36.925833 139.398333 4.290000 0.900000 2013 2 25 19 46 23.610000
36.893167 139.416000 4.810000 0.900000 2013 2 25 19 48 6.570000
36.879833 139.412167 4.650000 1.200000 2013 2 25 19 49 1.790000
36.889333 139.405167 3.360000 1.100000 2013 2 25 19 50 2.310000
36.888667 139.404000 3.180000 0.900000 2013 2 25 19 50 21.030000
36.886500 139.407500 3.110000 0.900000 2013 2 25 19 51 4.600000
36.887333 139.411000 2.910000 0.500000 2013 2 25 19 54 31.700000
36.859667 139.415167 4.080000 2.000000 2013 2 25 19 56 49.810000
36.873333 139.400000 3.030000 2.800000 2013 2 25 19 58 4.960000
36.873000 139.403333 3.660000 1.600000 2013 2 25 19 58 32.990000
36.861333 139.420500 3.890000 1.800000 2013 2 25 20 3 11.860000
36.890167 139.409667 3.200000 0.900000 2013 2 25 20 5 14.440000
36.883667 139.410500 3.530000 1.200000 2013 2 25 20 8 38.230000
36.921500 139.398000 3.340000 1.300000 2013 2 25 20 12 14.020000
36.879833 139.428167 3.260000 0.900000 2013 2 25 20 12 54.080000
36.923500 139.393500 3.510000 2.000000 2013 2 25 20 13 15.540000
36.911667 139.407333 4.630000 0.900000 2013 2 25 20 13 41.710000
36.909833 139.398833 5.680000 1.100000 2013 2 25 20 18 30.600000
36.922667 139.396000 3.500000 1.100000 2013 2 25 20 24 37.560000
36.891667 139.409500 3.430000 1.000000 2013 2 25 20 27 6.000000
36.837333 139.404667 4.140000 2.400000 2013 2 25 20 32 18.630000
36.886333 139.415667 3.910000 1.400000 2013 2 25 20 35 6.710000
36.875500 139.467667 3.980000 1.000000 2013 2 25 20 36 30.870000
36.895667 139.414000 2.960000 0.700000 2013 2 25 20 37 58.420000
36.916667 139.399833 4.030000 1.400000 2013 2 25 20 38 51.240000
36.874000 139.436667 5.400000 1.400000 2013 2 25 20 39 51.780000
36.891000 139.417000 3.460000 0.800000 2013 2 25 20 41 48.440000
36.911500 139.403000 4.380000 1.200000 2013 2 25 20 45 12.800000
36.873500 139.438167 5.510000 2.200000 2013 2 25 20 46 14.840000
36.896000 139.405833 4.040000 1.300000 2013 2 25 20 53 56.080000
36.923333 139.400500 3.690000 0.700000 2013 2 25 20 54 34.530000
36.888333 139.416333 3.900000 1.100000 2013 2 25 20 57 18.820000
36.880333 139.462000 3.730000 1.000000 2013 2 25 21 3 17.980000
36.828667 139.421833 3.970000 1.400000 2013 2 25 21 3 53.520000
36.866167 139.418833 3.630000 0.900000 2013 2 25 21 12 3.430000
36.921167 139.398000 3.650000 1.400000 2013 2 25 21 12 39.950000
36.890833 139.413333 2.180000 0.800000 2013 2 25 21 16 20.050000
