        6389          -663
        4723          -359
       -5013          1647
        4816          -448
        5203           -75
        1065          3011
        6462          -440
        6518          -440
        5999          -205
        2626          1249
        3031          1756
        1271          2373
        6019          -561
        6443          -292
        2811          1265
        1333           917
        2390           298
        2317           193
        2075           504
        2166           817
        -905          1174
         617          -170
         578           126
        -722          1651
        2481           699
        1759           770
        5962          -324
        1327          2343
        6186          -724
        4868           502
        4667          -256
        6093          -502
        2647           685
       -3379           227
        2053          1232
         832          5862
        3089          1088
        5425          -163
         677          3098
        2570          1353
        4851           116
         620          3232
        3130           360
        6165          -100
        2275          1292
        1370          5359
       -4347          1754
        -185          1505
        5925          -324
        2553          1026
        2794          1042
       -2881           482
       -2704          2385
        4279          -153
       -4236          1651
        2259           668
        2239          1025
        1104          2624
         573          5921
        2222           757
        6019          -532
        2663          1235
         633           319
        9973         -3660
         858          -303
         782            23
       -4995          1840
       -5105          1602
       -5031          1647
       -4753          1485
       -4827          1410
        2219          1411
        2052          1410
       -1861            -3
         834           974
        5794            31
        5981          -264
        -962          1635
        7717           158
       -4846          1544
        2428            60
        2293          1441
        5852          -458
        4498           455
         645          1820
       -4496          1828
        6422           241
        9973         -3571
        4741          -151
        1592          1007
       -1054          1531
         632           542
        6092          -412
         841         -4478
         839          -243
        2126          1470
        3853          -200
        6222          -560
        1058          4719
        4298          -361
