        2794          1042
       -2881           482
       -2704          2385
        4279          -153
       -4236          1651
        2259           668
        2239          1025
        1104          2624
         573          5921
        2222           757
        6019          -532
        2663          1235
         633           319
        9973         -3660
         858          -303
         782            23
       -4995          1840
       -5105          1602
       -5031          1647
       -4753          1485
       -4827          1410
        2219          1411
        2052          1410
       -1861            -3
         834           974
        5794            31
        5981          -264
        -962          1635
        7717           158
       -4846          1544
        2428            60
        2293          1441
        5852          -458
        4498           455
         645          1820
       -4496          1828
        6422           241
        9973         -3571
        4741          -151
        1592          1007
       -1054          1531
         632           542
        6092          -412
         841         -4478
         839          -243
        2126          1470
        3853          -200
        6222          -560
        1058          4719
        4298          -361
        6167          -486
        6221          -204
        6111          -457
        1344          2789
        5739           -73
        4409          -316
        5148          -268
         541           215
         150           822
         910           499
        7292           216
        4501          -286
        2797           255
        6036          -264
          11         -1079
         -44         -1020
        2554           952
        2146          1024
        2128          1054
        2441          1249
        2367          1456
         595           646
        8179           249
        1426           754
        1198          2268
       -4310          1635
        2643          1680
        6518          -470
        6905          -275
        2440          1501
        5536          -177
        6463          -648
         650           765
         908          5239
        4258           247
        1327          2343
        6072           -71
        5851          -220
        1667           785
        1161          2120
        -646          1250
        4423           663
         185          1239
        1445           694
        2908           181
         374          4806
        1760           636
         355          4880
         502          4984
        1319          4215
