        6167          -486
        6221          -204
        6111          -457
        1344          2789
        5739           -73
        4409          -316
        5148          -268
         541           215
         150           822
         910           499
        7292           216
        4501          -286
        2797           255
        6036          -264
          11         -1079
         -44         -1020
        2554           952
        2146          1024
        2128          1054
        2441          1249
        2367          1456
         595           646
        8179           249
        1426           754
        1198          2268
       -4310          1635
        2643          1680
        6518          -470
        6905          -275
        2440          1501
        5536          -177
        6463          -648
         650           765
         908          5239
        4258           247
        1327          2343
        6072           -71
        5851          -220
        1667           785
        1161          2120
        -646          1250
        4423           663
         185          1239
        1445           694
        2908           181
         374          4806
        1760           636
         355          4880
         502          4984
        1319          4215
         392          4939
         429          4747
        7754           292
          77          5027
        6314          -397
        1203          1124
        1641          2344
        3495          5813
        1426           843
        1364          2343
        1345          2403
        1315           842
        1456          2433
        1669           220
        6353          -886
        1686           562
        7513           276
        1419          2462
        -229         -1095
          35          6305
        2259           579
        5903           625
        3685           155
        7162           260
        2701           997
        6666          -573
        6109          -101
        5943          -146
        6091          -219
        1686           502
        1205           649
        -858         -1083
        -692          -949
        6832          -365
        9917         -3452
       10009         -3526
        2478          1353
        5480            44
        5498            14
         286         -4481
        1370           917
        2590          1041
        6388          -277
        2812          1072
        -525          -993
        2387           922
        1573          1037
        5219           488
        2169           103
        1549          2374
