36.871500 139.457333 3.380000 1.600000 2013 2 26 2 36 36.460000
36.871833 139.455167 3.400000 0.600000 2013 2 26 2 46 56.770000
36.937667 139.404833 4.760000 1.300000 2013 2 26 2 52 6.190000
36.868667 139.458333 2.740000 1.000000 2013 2 26 2 54 38.770000
36.924667 139.397167 4.090000 1.600000 2013 2 26 2 56 58.890000
36.878667 139.414500 3.230000 0.700000 2013 2 26 3 0 32.910000
36.882667 139.428167 3.490000 0.900000 2013 2 26 3 4 17.530000
36.899500 139.467000 4.410000 0.900000 2013 2 26 3 4 58.000000
36.880667 139.411333 3.190000 0.900000 2013 2 26 3 9 56.330000
36.880167 139.428167 3.210000 1.300000 2013 2 26 3 17 18.380000
36.880000 139.428833 3.370000 1.300000 2013 2 26 3 17 37.730000
36.879667 139.411333 3.190000 1.200000 2013 2 26 3 18 22.730000
36.881000 139.429167 3.390000 1.000000 2013 2 26 3 18 53.390000
36.882833 139.404333 3.480000 2.200000 2013 2 26 3 19 31.800000
36.925000 139.391667 3.780000 2.500000 2013 2 26 3 22 41.300000
36.883000 139.408167 3.850000 1.100000 2013 2 26 3 24 55.630000
36.935500 139.404667 4.540000 0.700000 2013 2 26 3 25 39.790000
36.880667 139.429500 3.260000 0.900000 2013 2 26 3 26 12.540000
36.865667 139.389667 3.670000 1.600000 2013 2 26 3 32 19.750000
36.868333 139.472667 3.780000 0.800000 2013 2 26 3 33 50.340000
36.888167 139.408333 3.040000 0.900000 2013 2 26 3 40 59.960000
36.921000 139.408667 4.170000 0.900000 2013 2 26 3 41 29.310000
36.901000 139.403500 3.330000 1.100000 2013 2 26 3 54 34.460000
36.932333 139.404500 4.950000 0.800000 2013 2 26 4 4 33.060000
36.892167 139.413000 3.220000 1.000000 2013 2 26 4 6 35.640000
36.927833 139.395167 4.100000 1.500000 2013 2 26 4 21 8.420000
36.922833 139.400500 4.000000 1.500000 2013 2 26 4 30 48.910000
36.921333 139.400000 3.620000 0.900000 2013 2 26 4 31 18.010000
36.922667 139.399167 3.700000 1.600000 2013 2 26 4 33 9.990000
36.883000 139.407500 3.840000 1.900000 2013 2 26 4 34 34.870000
36.878667 139.409167 2.920000 2.300000 2013 2 26 4 59 3.950000
36.860000 139.389833 3.510000 1.300000 2013 2 26 5 6 5.430000
36.861500 139.391333 3.510000 1.400000 2013 2 26 5 6 23.880000
36.929333 139.397500 3.980000 0.900000 2013 2 26 5 17 59.650000
36.957000 139.362667 5.570000 1.100000 2013 2 26 5 18 12.070000
36.957833 139.361833 4.830000 0.800000 2013 2 26 5 20 30.860000
36.890167 139.417000 3.310000 1.400000 2013 2 26 5 28 20.740000
36.917167 139.402167 3.770000 0.900000 2013 2 26 5 33 21.150000
36.917333 139.401833 3.910000 1.000000 2013 2 26 5 35 34.030000
36.870167 139.351667 6.120000 0.900000 2013 2 26 5 47 44.730000
36.880167 139.412167 4.970000 2.700000 2013 2 26 6 0 22.960000
36.891167 139.413500 3.910000 2.300000 2013 2 26 6 8 20.080000
36.925333 139.398500 3.980000 1.200000 2013 2 26 6 9 2.900000
36.893167 139.413833 3.970000 1.200000 2013 2 26 6 10 46.570000
36.863000 139.390833 3.650000 1.400000 2013 2 26 6 28 13.120000
36.889333 139.412167 4.130000 1.500000 2013 2 26 6 28 40.820000
36.882000 139.413500 5.300000 1.500000 2013 2 26 6 46 2.030000
36.914833 139.407167 3.950000 0.800000 2013 2 26 6 48 22.890000
36.887333 139.403000 3.280000 2.000000 2013 2 26 6 56 20.260000
36.881833 139.428500 3.040000 1.100000 2013 2 26 6 59 37.300000
36.869000 139.455167 3.360000 1.600000 2013 2 26 7 1 24.620000
36.873167 139.399500 3.260000 2.100000 2013 2 26 7 1 55.940000
36.892667 139.409167 2.920000 1.300000 2013 2 26 7 7 29.010000
36.921167 139.398833 3.500000 0.700000 2013 2 26 7 13 30.530000
36.889667 139.413833 3.460000 2.500000 2013 2 26 7 23 57.020000
36.919333 139.398667 3.590000 0.800000 2013 2 26 7 31 53.990000
36.900167 139.407000 3.080000 1.000000 2013 2 26 7 38 12.480000
36.814000 139.444333 7.080000 0.900000 2013 2 26 7 43 15.470000
36.918333 139.395833 3.780000 1.600000 2013 2 26 7 48 53.040000
36.885000 139.404833 3.980000 1.700000 2013 2 26 7 53 17.140000
36.886833 139.403000 3.370000 1.000000 2013 2 26 7 54 3.560000
36.868667 139.457667 3.300000 0.600000 2013 2 26 8 7 16.840000
36.921667 139.404500 4.130000 2.000000 2013 2 26 8 11 19.920000
36.831333 139.416000 4.480000 2.900000 2013 2 26 8 12 44.830000
36.889000 139.409500 4.030000 3.300000 2013 2 26 8 19 5.280000
36.889500 139.412500 4.370000 2.300000 2013 2 26 8 20 57.370000
36.916500 139.401833 4.120000 1.000000 2013 2 26 8 30 10.450000
36.887333 139.411500 4.150000 2.200000 2013 2 26 8 31 12.110000
36.918000 139.410333 4.750000 0.900000 2013 2 26 8 33 19.870000
36.874667 139.466833 3.790000 1.100000 2013 2 26 8 34 52.660000
36.890000 139.412667 4.770000 2.100000 2013 2 26 8 37 25.470000
36.887667 139.417167 3.960000 0.700000 2013 2 26 8 38 27.210000
36.893500 139.414000 3.180000 1.000000 2013 2 26 8 50 19.530000
36.854500 139.416833 3.900000 1.400000 2013 2 26 8 58 29.600000
36.890333 139.415333 4.310000 1.000000 2013 2 26 9 10 28.290000
36.889500 139.413500 4.610000 1.800000 2013 2 26 9 22 10.560000
36.889833 139.414500 4.420000 1.100000 2013 2 26 9 25 38.740000
36.902167 139.412500 3.080000 0.900000 2013 2 26 9 31 23.880000
36.915167 139.399000 4.020000 0.800000 2013 2 26 9 31 56.200000
36.920000 139.395833 3.120000 1.000000 2013 2 26 9 40 6.530000
36.891167 139.413667 4.440000 1.100000 2013 2 26 9 41 46.600000
36.805833 139.431000 4.180000 1.000000 2013 2 26 9 43 28.950000
36.890833 139.417500 4.510000 0.900000 2013 2 26 9 48 7.070000
36.958167 139.360500 4.820000 1.600000 2013 2 26 9 58 1.630000
36.939500 139.398167 4.800000 0.900000 2013 2 26 10 3 10.570000
36.890667 139.412333 4.540000 1.500000 2013 2 26 10 10 12.840000
36.870333 139.427833 4.250000 1.100000 2013 2 26 10 17 26.960000
36.909000 139.400333 4.450000 0.900000 2013 2 26 10 20 13.210000
36.887000 139.417167 4.140000 2.300000 2013 2 26 10 25 9.650000
36.880500 139.415000 5.600000 1.200000 2013 2 26 10 27 16.540000
36.900167 139.403333 5.300000 0.900000 2013 2 26 10 29 20.880000
36.923667 139.398667 4.390000 1.100000 2013 2 26 10 54 14.420000
36.909000 139.402500 3.920000 1.000000 2013 2 26 11 15 16.040000
36.883167 139.458833 3.780000 1.100000 2013 2 26 11 16 55.020000
36.890167 139.408333 3.310000 1.200000 2013 2 26 11 22 0.260000
36.926833 139.394500 4.160000 0.800000 2013 2 26 11 32 37.840000
36.894833 139.403667 4.910000 0.900000 2013 2 26 11 32 57.820000
36.924500 139.395000 4.610000 1.000000 2013 2 26 11 37 18.280000
36.925500 139.395667 4.540000 0.900000 2013 2 26 11 42 32.220000
36.905000 139.490500 8.520000 1.600000 2013 2 26 11 44 55.660000
