         392          4939
         429          4747
        7754           292
          77          5027
        6314          -397
        1203          1124
        1641          2344
        3495          5813
        1426           843
        1364          2343
        1345          2403
        1315           842
        1456          2433
        1669           220
        6353          -886
        1686           562
        7513           276
        1419          2462
        -229         -1095
          35          6305
        2259           579
        5903           625
        3685           155
        7162           260
        2701           997
        6666          -573
        6109          -101
        5943          -146
        6091          -219
        1686           502
        1205           649
        -858         -1083
        -692          -949
        6832          -365
        9917         -3452
       10009         -3526
        2478          1353
        5480            44
        5498            14
         286         -4481
        1370           917
        2590          1041
        6388          -277
        2812          1072
        -525          -993
        2387           922
        1573          1037
        5219           488
        2169           103
        1549          2374
         115          4745
         598          -215
        2758           656
        5925          -250
        2424          1070
        5722          -266
        3592           466
       -5983          3754
        5612          -519
        1909           266
        2114           103
          77          4968
        5978           254
       -4049          1235
        2351           684
        2406           951
        5406            14
        2166           861
        5569           772
         740          5788
        2461           966
        2200          1366
        2849          1087
       -1479          1321
        2497          1204
        2405          1040
        2442          1130
        3811           957
        5259          -238
        5797          -518
        2590          1056
       -6884          2561
        2552          1398
       10047         -3645
        7960          -300
        2535           937
         273          2309
        4574          -122
        2126          1366
        1406          1170
        3593           140
        6203          -263
        4573            70
        1686          5078
        2481           580
        6556          -633
        3001           167
        6297          -590
        6407          -530
        4098          7910
