36.872000 139.412333 3.870000 1.100000 2013 2 25 15 36 54.590000
36.873000 139.414333 3.590000 1.800000 2013 2 25 15 37 21.680000
36.874833 139.416500 3.520000 0.300000 2013 2 25 15 39 0.960000
36.872833 139.414000 3.650000 1.900000 2013 2 25 15 40 25.410000
36.874833 139.413833 3.500000 1.300000 2013 2 25 15 40 52.640000
36.872333 139.415000 3.650000 2.200000 2013 2 25 15 41 35.790000
36.874500 139.414333 3.200000 1.000000 2013 2 25 15 42 6.600000
36.881167 139.405333 2.820000 0.400000 2013 2 25 15 43 22.230000
36.873667 139.409833 2.820000 2.600000 2013 2 25 15 43 45.800000
36.870333 139.415333 3.710000 1.400000 2013 2 25 15 54 9.080000
36.871833 139.416500 3.500000 0.900000 2013 2 25 15 58 25.090000
36.875000 139.413833 3.590000 0.700000 2013 2 25 15 59 31.810000
36.871667 139.414167 3.570000 0.900000 2013 2 25 16 0 12.980000
36.871000 139.415667 3.820000 1.500000 2013 2 25 16 4 45.630000
36.871167 139.412333 2.890000 1.100000 2013 2 25 16 8 50.070000
36.876333 139.412333 3.670000 1.600000 2013 2 25 16 10 43.590000
36.878333 139.411833 3.890000 1.600000 2013 2 25 16 12 10.080000
36.875833 139.414167 3.580000 1.200000 2013 2 25 16 20 41.080000
36.873667 139.412833 2.840000 6.300000 2013 2 25 16 23 53.580000
36.859167 139.421167 4.010000 2.800000 2013 2 25 16 26 43.430000
36.860833 139.419667 3.440000 3.100000 2013 2 25 16 26 59.590000
36.893667 139.400667 4.350000 3.100000 2013 2 25 16 27 42.160000
36.885000 139.409333 3.830000 3.000000 2013 2 25 16 28 7.170000
36.888833 139.416500 3.590000 2.500000 2013 2 25 16 28 49.020000
36.868833 139.416500 3.340000 2.200000 2013 2 25 16 29 29.380000
36.892167 139.409500 3.420000 3.100000 2013 2 25 16 29 54.630000
36.921667 139.396667 3.740000 2.300000 2013 2 25 16 30 44.560000
36.896333 139.417333 4.350000 2.500000 2013 2 25 16 30 48.900000
36.918833 139.399833 4.580000 2.200000 2013 2 25 16 31 12.760000
36.838833 139.405167 4.750000 2.000000 2013 2 25 16 31 35.320000
36.893333 139.408167 3.300000 4.000000 2013 2 25 16 31 59.980000
36.875667 139.404333 3.280000 2.600000 2013 2 25 16 32 40.730000
36.914500 139.400667 3.760000 2.300000 2013 2 25 16 33 31.250000
36.885333 139.410167 3.980000 3.200000 2013 2 25 16 34 3.300000
36.875667 139.427833 4.670000 4.700000 2013 2 25 16 34 42.780000
36.879333 139.412333 3.350000 1.700000 2013 2 25 16 36 37.490000
36.860000 139.421667 3.830000 2.300000 2013 2 25 16 37 12.900000
36.896833 139.403333 3.960000 2.400000 2013 2 25 16 37 18.410000
36.877333 139.432500 2.680000 1.800000 2013 2 25 16 37 54.700000
36.877500 139.416500 3.820000 1.800000 2013 2 25 16 38 17.110000
36.923333 139.393167 2.970000 2.900000 2013 2 25 16 38 38.780000
36.926833 139.394500 5.050000 2.300000 2013 2 25 16 39 5.850000
36.881667 139.417333 5.310000 2.000000 2013 2 25 16 39 53.230000
36.934167 139.404333 5.230000 1.400000 2013 2 25 16 40 14.710000
36.915500 139.400500 3.410000 1.100000 2013 2 25 16 40 28.680000
36.870667 139.406833 3.450000 2.200000 2013 2 25 16 41 8.960000
36.891167 139.417167 4.090000 1.900000 2013 2 25 16 41 41.720000
36.889333 139.408500 3.760000 1.400000 2013 2 25 16 43 50.680000
36.878000 139.428333 4.940000 2.200000 2013 2 25 16 44 49.750000
36.899500 139.399667 5.040000 1.800000 2013 2 25 16 46 18.100000
36.924667 139.400167 4.550000 1.100000 2013 2 25 16 47 15.260000
36.870167 139.426667 4.900000 1.100000 2013 2 25 16 47 40.090000
36.888500 139.407167 4.180000 1.400000 2013 2 25 16 48 3.340000
36.924667 139.395500 4.020000 1.200000 2013 2 25 16 48 34.420000
36.933500 139.395667 3.870000 1.900000 2013 2 25 16 48 46.700000
36.888500 139.408833 3.450000 1.200000 2013 2 25 16 49 13.290000
36.879000 139.407333 3.260000 2.700000 2013 2 25 16 50 29.320000
36.927167 139.399333 4.910000 2.100000 2013 2 25 16 50 52.780000
36.866500 139.419167 3.770000 1.800000 2013 2 25 16 52 10.240000
36.869667 139.415500 3.580000 1.600000 2013 2 25 16 52 16.570000
36.927667 139.406500 6.190000 0.800000 2013 2 25 16 53 14.460000
36.920167 139.393333 3.140000 2.400000 2013 2 25 16 53 40.340000
36.892667 139.414667 4.040000 2.200000 2013 2 25 16 54 29.410000
36.923500 139.391667 3.340000 2.700000 2013 2 25 16 54 38.550000
36.923833 139.396833 4.140000 1.600000 2013 2 25 16 56 7.650000
36.878667 139.424333 4.740000 1.100000 2013 2 25 16 56 49.560000
36.923000 139.396833 3.790000 1.400000 2013 2 25 16 57 4.950000
36.917000 139.407000 4.920000 1.400000 2013 2 25 16 57 13.650000
36.919833 139.396167 3.840000 1.000000 2013 2 25 16 57 35.900000
36.910167 139.397333 3.500000 2.500000 2013 2 25 16 57 45.180000
36.846000 139.421833 4.690000 2.100000 2013 2 25 16 58 3.640000
36.886333 139.409000 3.190000 1.400000 2013 2 25 16 58 54.560000
36.913167 139.406333 5.260000 1.000000 2013 2 25 16 59 38.010000
36.909333 139.405167 4.510000 1.100000 2013 2 25 16 59 53.260000
36.922167 139.399167 4.030000 0.700000 2013 2 25 17 0 6.340000
36.843333 139.408833 4.400000 1.200000 2013 2 25 17 0 12.410000
36.921833 139.398500 4.090000 1.500000 2013 2 25 17 0 34.230000
36.917500 139.405833 5.530000 1.600000 2013 2 25 17 0 40.640000
36.873167 139.420667 5.240000 1.400000 2013 2 25 17 0 58.570000
36.881500 139.405833 3.390000 2.000000 2013 2 25 17 1 31.140000
36.867333 139.416333 3.450000 2.100000 2013 2 25 17 1 41.090000
36.869667 139.420167 4.910000 1.400000 2013 2 25 17 2 7.650000
36.922667 139.400000 3.910000 1.000000 2013 2 25 17 2 20.170000
36.864500 139.427667 4.170000 1.900000 2013 2 25 17 2 41.150000
36.890333 139.420333 4.060000 1.300000 2013 2 25 17 2 55.070000
36.923500 139.395000 3.460000 1.000000 2013 2 25 17 3 16.230000
36.897167 139.405500 4.200000 1.400000 2013 2 25 17 3 31.670000
36.913833 139.401333 4.150000 2.000000 2013 2 25 17 3 59.680000
36.881833 139.397833 3.360000 0.800000 2013 2 25 17 4 39.030000
36.893167 139.394333 3.390000 1.600000 2013 2 25 17 5 1.510000
36.894833 139.397667 2.810000 1.900000 2013 2 25 17 5 16.400000
36.894167 139.398333 3.070000 2.100000 2013 2 25 17 5 39.290000
36.889667 139.421000 4.040000 1.600000 2013 2 25 17 5 51.790000
36.864500 139.394500 3.640000 1.700000 2013 2 25 17 6 1.620000
36.881167 139.422167 3.030000 1.500000 2013 2 25 17 6 26.100000
36.916333 139.408833 4.810000 2.500000 2013 2 25 17 6 54.480000
36.912167 139.399000 4.970000 2.100000 2013 2 25 17 8 0.380000
36.872167 139.393667 3.880000 2.300000 2013 2 25 17 8 10.070000
36.880167 139.430667 4.770000 1.500000 2013 2 25 17 8 57.660000
36.823167 139.415667 3.920000 0.900000 2013 2 25 17 9 39.810000
