         464           928
         574          1107
         777          1301
         556          1077
         778          1063
         500          1166
         740          1107
        1484           308
         650           706
         278          1194
         444          1299
         796          1063
         426          1091
         352          1225
         371           927
         945           930
        1167           886
         888          1093
         649           973
        -963          1709
        -777          1576
        2873          -100
        1908           667
        2330          1307
         111          1298
        2703           685
        5981          -443
        3162          1385
        5666          -162
       -3213           272
        2833           567
         874           216
        5185           -90
        1944           741
         865          2311
        1278           931
        -870          1754
        3223           138
        1048          2728
        1073          1302
        6168          -754
        6556          -633
        1535          1378
        7365           246
        5296          -104
         318           437
        2589          1368
        2389           595
        1123          2357
        3520          -187
        6313          -129
         255          2205
        2297           475
        6315          -545
        7295          -526
        2296           624
        1243           486
        6591          -202
        -148          1534
         204          1209
        6643           435
        5816          -740
        2756          1146
        6187          -887
        6222          -427
        1199          2001
        6129          -427
        5459           475
        5778          -488
        4705          -389
       -2424          1762
        2056           638
        5034           413
        4609           308
        6036          -220
       -2715           602
        5999          -279
        5515           371
         590          1671
        1521           353
         -55          1282
         202          1625
        6091          -145
        -373          2291
        2495          1650
        6186          -590
        3259           331
        5110           -31
        1561          -359
        2820          -665
        3003          -367
        2929          -308
        2421          1709
        -360          -665
        1477          1809
        5385           638
        4926          -240
         490          -735
        1363          2566
       -4955          1201
