         115          4745
         598          -215
        2758           656
        5925          -250
        2424          1070
        5722          -266
        3592           466
       -5983          3754
        5612          -519
        1909           266
        2114           103
          77          4968
        5978           254
       -4049          1235
        2351           684
        2406           951
        5406            14
        2166           861
        5569           772
         740          5788
        2461           966
        2200          1366
        2849          1087
       -1479          1321
        2497          1204
        2405          1040
        2442          1130
        3811           957
        5259          -238
        5797          -518
        2590          1056
       -6884          2561
        2552          1398
       10047         -3645
        7960          -300
        2535           937
         273          2309
        4574          -122
        2126          1366
        1406          1170
        3593           140
        6203          -263
        4573            70
        1686          5078
        2481           580
        6556          -633
        3001           167
        6297          -590
        6407          -530
        4098          7910
        1970          8274
        6148          -486
         685          5654
        2634          -532
        7697           648
        5926          -547
        2241           594
         984           514
         977          2059
        1913          3816
        3262          -351
        1912          3876
        1931          3891
         598          -140
        1802          3846
        1120          3174
        1708          4024
        2922          1251
        7642           336
        2479          1219
        2423          1338
        3445           109
        2165           921
        6721          -350
       -6625          2473
        6018          -398
        3150          -129
        1801          3950
        1118          3620
         319          4701
        2057           266
        1802          3682
        1407          5315
        1838          4069
         282          4582
        7531           410
        2371           446
        1949          3935
         963          5432
        1728          3830
        2554           863
       10451         -3064
       10247         -2946
        7644             9
        1240          1110
        1745          4009
         447          5088
         916          3441
        6464          -827
        6611          -692
