36.869000 139.455167 3.360000 1.600000 2013 2 26 7 1 24.620000
36.873167 139.399500 3.260000 2.100000 2013 2 26 7 1 55.940000
36.892667 139.409167 2.920000 1.300000 2013 2 26 7 7 29.010000
36.921167 139.398833 3.500000 0.700000 2013 2 26 7 13 30.530000
36.889667 139.413833 3.460000 2.500000 2013 2 26 7 23 57.020000
36.919333 139.398667 3.590000 0.800000 2013 2 26 7 31 53.990000
36.900167 139.407000 3.080000 1.000000 2013 2 26 7 38 12.480000
36.814000 139.444333 7.080000 0.900000 2013 2 26 7 43 15.470000
36.918333 139.395833 3.780000 1.600000 2013 2 26 7 48 53.040000
36.885000 139.404833 3.980000 1.700000 2013 2 26 7 53 17.140000
36.886833 139.403000 3.370000 1.000000 2013 2 26 7 54 3.560000
36.868667 139.457667 3.300000 0.600000 2013 2 26 8 7 16.840000
36.921667 139.404500 4.130000 2.000000 2013 2 26 8 11 19.920000
36.831333 139.416000 4.480000 2.900000 2013 2 26 8 12 44.830000
36.889000 139.409500 4.030000 3.300000 2013 2 26 8 19 5.280000
36.889500 139.412500 4.370000 2.300000 2013 2 26 8 20 57.370000
36.916500 139.401833 4.120000 1.000000 2013 2 26 8 30 10.450000
36.887333 139.411500 4.150000 2.200000 2013 2 26 8 31 12.110000
36.918000 139.410333 4.750000 0.900000 2013 2 26 8 33 19.870000
36.874667 139.466833 3.790000 1.100000 2013 2 26 8 34 52.660000
36.890000 139.412667 4.770000 2.100000 2013 2 26 8 37 25.470000
36.887667 139.417167 3.960000 0.700000 2013 2 26 8 38 27.210000
36.893500 139.414000 3.180000 1.000000 2013 2 26 8 50 19.530000
36.854500 139.416833 3.900000 1.400000 2013 2 26 8 58 29.600000
36.890333 139.415333 4.310000 1.000000 2013 2 26 9 10 28.290000
36.889500 139.413500 4.610000 1.800000 2013 2 26 9 22 10.560000
36.889833 139.414500 4.420000 1.100000 2013 2 26 9 25 38.740000
36.902167 139.412500 3.080000 0.900000 2013 2 26 9 31 23.880000
36.915167 139.399000 4.020000 0.800000 2013 2 26 9 31 56.200000
36.920000 139.395833 3.120000 1.000000 2013 2 26 9 40 6.530000
36.891167 139.413667 4.440000 1.100000 2013 2 26 9 41 46.600000
36.805833 139.431000 4.180000 1.000000 2013 2 26 9 43 28.950000
36.890833 139.417500 4.510000 0.900000 2013 2 26 9 48 7.070000
36.958167 139.360500 4.820000 1.600000 2013 2 26 9 58 1.630000
36.939500 139.398167 4.800000 0.900000 2013 2 26 10 3 10.570000
36.890667 139.412333 4.540000 1.500000 2013 2 26 10 10 12.840000
36.870333 139.427833 4.250000 1.100000 2013 2 26 10 17 26.960000
36.909000 139.400333 4.450000 0.900000 2013 2 26 10 20 13.210000
36.887000 139.417167 4.140000 2.300000 2013 2 26 10 25 9.650000
36.880500 139.415000 5.600000 1.200000 2013 2 26 10 27 16.540000
36.900167 139.403333 5.300000 0.900000 2013 2 26 10 29 20.880000
36.923667 139.398667 4.390000 1.100000 2013 2 26 10 54 14.420000
36.909000 139.402500 3.920000 1.000000 2013 2 26 11 15 16.040000
36.883167 139.458833 3.780000 1.100000 2013 2 26 11 16 55.020000
36.890167 139.408333 3.310000 1.200000 2013 2 26 11 22 0.260000
36.926833 139.394500 4.160000 0.800000 2013 2 26 11 32 37.840000
36.894833 139.403667 4.910000 0.900000 2013 2 26 11 32 57.820000
36.924500 139.395000 4.610000 1.000000 2013 2 26 11 37 18.280000
36.925500 139.395667 4.540000 0.900000 2013 2 26 11 42 32.220000
36.905000 139.490500 8.520000 1.600000 2013 2 26 11 44 55.660000
36.885833 139.494667 4.150000 1.100000 2013 2 26 11 44 57.700000
36.923167 139.396167 4.400000 0.700000 2013 2 26 11 45 51.730000
36.874167 139.465333 3.180000 1.000000 2013 2 26 11 50 59.320000
36.891500 139.395833 3.950000 0.900000 2013 2 26 12 4 11.570000
36.937167 139.408833 4.840000 0.700000 2013 2 26 12 8 46.740000
36.921167 139.395500 3.770000 1.100000 2013 2 26 12 12 24.300000
36.888000 139.408500 3.320000 1.100000 2013 2 26 12 15 23.680000
36.876667 139.407667 3.180000 0.800000 2013 2 26 12 17 11.990000
36.876667 139.425000 4.890000 1.000000 2013 2 26 12 18 33.120000
36.885167 139.444667 3.140000 0.800000 2013 2 26 12 24 25.630000
36.897167 139.397833 4.400000 1.600000 2013 2 26 12 41 1.950000
36.885167 139.445333 3.330000 1.800000 2013 2 26 12 48 30.560000
36.885333 139.445500 3.040000 0.800000 2013 2 26 12 49 13.400000
36.873167 139.400333 3.550000 1.100000 2013 2 26 12 50 44.540000
36.884167 139.445000 3.080000 1.400000 2013 2 26 12 55 24.270000
36.878000 139.437500 2.940000 2.300000 2013 2 26 13 1 50.590000
36.883333 139.447000 4.010000 0.800000 2013 2 26 13 19 9.670000
36.894167 139.415833 3.320000 0.900000 2013 2 26 13 19 34.180000
36.936667 139.405333 4.700000 0.500000 2013 2 26 13 32 30.230000
36.890167 139.415500 4.660000 2.000000 2013 2 26 13 51 7.420000
36.889667 139.416833 3.200000 1.200000 2013 2 26 14 8 12.710000
36.898833 139.403000 5.030000 1.600000 2013 2 26 14 8 24.640000
36.887333 139.412167 4.300000 1.500000 2013 2 26 14 12 16.200000
36.928333 139.397667 4.330000 1.300000 2013 2 26 14 21 21.070000
36.808167 139.430000 4.550000 1.100000 2013 2 26 14 24 11.240000
36.922000 139.397167 4.010000 0.900000 2013 2 26 14 24 51.010000
36.896167 139.400333 3.200000 1.200000 2013 2 26 14 26 52.660000
36.884167 139.446167 3.180000 1.200000 2013 2 26 14 45 7.390000
36.878000 139.442500 3.740000 0.600000 2013 2 26 14 49 38.740000
36.870833 139.454667 3.190000 0.300000 2013 2 26 14 51 44.560000
36.886333 139.404833 4.580000 1.000000 2013 2 26 15 17 40.100000
36.884167 139.443167 3.280000 0.800000 2013 2 26 15 21 50.710000
36.880667 139.461500 3.000000 0.800000 2013 2 26 15 30 32.350000
36.884500 139.447500 2.550000 1.000000 2013 2 26 15 58 9.830000
36.870500 139.453333 3.060000 1.100000 2013 2 26 16 5 42.310000
36.935667 139.406167 5.030000 0.900000 2013 2 26 16 10 10.950000
36.889167 139.406833 3.850000 0.600000 2013 2 26 16 18 25.550000
36.885500 139.446000 3.500000 0.900000 2013 2 26 16 23 51.500000
36.876667 139.462833 3.410000 0.600000 2013 2 26 16 25 36.850000
36.883500 139.444833 2.800000 0.300000 2013 2 26 16 26 7.760000
36.890833 139.411500 4.330000 1.200000 2013 2 26 16 29 45.160000
36.961833 139.367000 4.770000 0.500000 2013 2 26 16 31 5.680000
36.960000 139.368333 4.510000 0.500000 2013 2 26 16 34 9.260000
36.936667 139.401667 4.790000 1.200000 2013 2 26 16 37 58.580000
36.879000 139.414333 3.140000 0.700000 2013 2 26 16 43 27.820000
36.883667 139.446833 2.830000 0.300000 2013 2 26 16 44 42.780000
36.872000 139.459000 5.750000 1.800000 2013 2 26 17 10 23.350000
36.876167 139.440500 2.790000 0.900000 2013 2 26 17 13 7.710000
36.926000 139.392333 3.620000 1.400000 2013 2 26 17 16 10.790000
36.927333 139.393833 3.940000 1.100000 2013 2 26 17 17 58.290000
