36.885833 139.494667 4.150000 1.100000 2013 2 26 11 44 57.700000
36.923167 139.396167 4.400000 0.700000 2013 2 26 11 45 51.730000
36.874167 139.465333 3.180000 1.000000 2013 2 26 11 50 59.320000
36.891500 139.395833 3.950000 0.900000 2013 2 26 12 4 11.570000
36.937167 139.408833 4.840000 0.700000 2013 2 26 12 8 46.740000
36.921167 139.395500 3.770000 1.100000 2013 2 26 12 12 24.300000
36.888000 139.408500 3.320000 1.100000 2013 2 26 12 15 23.680000
36.876667 139.407667 3.180000 0.800000 2013 2 26 12 17 11.990000
36.876667 139.425000 4.890000 1.000000 2013 2 26 12 18 33.120000
36.885167 139.444667 3.140000 0.800000 2013 2 26 12 24 25.630000
36.897167 139.397833 4.400000 1.600000 2013 2 26 12 41 1.950000
36.885167 139.445333 3.330000 1.800000 2013 2 26 12 48 30.560000
36.885333 139.445500 3.040000 0.800000 2013 2 26 12 49 13.400000
36.873167 139.400333 3.550000 1.100000 2013 2 26 12 50 44.540000
36.884167 139.445000 3.080000 1.400000 2013 2 26 12 55 24.270000
36.878000 139.437500 2.940000 2.300000 2013 2 26 13 1 50.590000
36.883333 139.447000 4.010000 0.800000 2013 2 26 13 19 9.670000
36.894167 139.415833 3.320000 0.900000 2013 2 26 13 19 34.180000
36.936667 139.405333 4.700000 0.500000 2013 2 26 13 32 30.230000
36.890167 139.415500 4.660000 2.000000 2013 2 26 13 51 7.420000
36.889667 139.416833 3.200000 1.200000 2013 2 26 14 8 12.710000
36.898833 139.403000 5.030000 1.600000 2013 2 26 14 8 24.640000
36.887333 139.412167 4.300000 1.500000 2013 2 26 14 12 16.200000
36.928333 139.397667 4.330000 1.300000 2013 2 26 14 21 21.070000
36.808167 139.430000 4.550000 1.100000 2013 2 26 14 24 11.240000
36.922000 139.397167 4.010000 0.900000 2013 2 26 14 24 51.010000
36.896167 139.400333 3.200000 1.200000 2013 2 26 14 26 52.660000
36.884167 139.446167 3.180000 1.200000 2013 2 26 14 45 7.390000
36.878000 139.442500 3.740000 0.600000 2013 2 26 14 49 38.740000
36.870833 139.454667 3.190000 0.300000 2013 2 26 14 51 44.560000
36.886333 139.404833 4.580000 1.000000 2013 2 26 15 17 40.100000
36.884167 139.443167 3.280000 0.800000 2013 2 26 15 21 50.710000
36.880667 139.461500 3.000000 0.800000 2013 2 26 15 30 32.350000
36.884500 139.447500 2.550000 1.000000 2013 2 26 15 58 9.830000
36.870500 139.453333 3.060000 1.100000 2013 2 26 16 5 42.310000
36.935667 139.406167 5.030000 0.900000 2013 2 26 16 10 10.950000
36.889167 139.406833 3.850000 0.600000 2013 2 26 16 18 25.550000
36.885500 139.446000 3.500000 0.900000 2013 2 26 16 23 51.500000
36.876667 139.462833 3.410000 0.600000 2013 2 26 16 25 36.850000
36.883500 139.444833 2.800000 0.300000 2013 2 26 16 26 7.760000
36.890833 139.411500 4.330000 1.200000 2013 2 26 16 29 45.160000
36.961833 139.367000 4.770000 0.500000 2013 2 26 16 31 5.680000
36.960000 139.368333 4.510000 0.500000 2013 2 26 16 34 9.260000
36.936667 139.401667 4.790000 1.200000 2013 2 26 16 37 58.580000
36.879000 139.414333 3.140000 0.700000 2013 2 26 16 43 27.820000
36.883667 139.446833 2.830000 0.300000 2013 2 26 16 44 42.780000
36.872000 139.459000 5.750000 1.800000 2013 2 26 17 10 23.350000
36.876167 139.440500 2.790000 0.900000 2013 2 26 17 13 7.710000
36.926000 139.392333 3.620000 1.400000 2013 2 26 17 16 10.790000
36.927333 139.393833 3.940000 1.100000 2013 2 26 17 17 58.290000
36.877333 139.427333 4.760000 0.700000 2013 2 26 17 22 18.060000
36.925667 139.394167 3.670000 2.300000 2013 2 26 17 57 55.570000
36.886333 139.445667 2.810000 0.900000 2013 2 26 17 58 51.630000
36.925333 139.394167 3.710000 1.400000 2013 2 26 18 3 35.020000
36.920333 139.400833 3.390000 1.200000 2013 2 26 18 5 40.350000
36.927667 139.394500 4.030000 1.000000 2013 2 26 18 6 4.940000
36.926000 139.396167 3.890000 0.700000 2013 2 26 18 7 29.620000
36.893167 139.402667 3.550000 0.900000 2013 2 26 18 26 13.090000
36.891667 139.411167 3.590000 1.900000 2013 2 26 18 41 29.430000
36.892500 139.415667 4.020000 0.800000 2013 2 26 19 5 12.170000
36.876333 139.404167 3.490000 0.800000 2013 2 26 19 6 42.000000
36.887000 139.416500 4.180000 1.200000 2013 2 26 19 27 20.550000
36.929500 139.398333 4.350000 1.000000 2013 2 26 20 6 46.880000
36.925333 139.395833 3.740000 1.700000 2013 2 26 20 7 25.440000
36.885833 139.444833 3.120000 2.100000 2013 2 26 20 8 43.000000
36.871500 139.459833 2.940000 0.900000 2013 2 26 20 18 35.680000
36.854833 139.428167 4.550000 1.300000 2013 2 26 20 25 29.500000
36.813333 139.449333 4.330000 1.200000 2013 2 26 20 27 21.780000
36.924167 139.392167 4.240000 1.300000 2013 2 26 20 46 49.790000
36.925500 139.397333 4.250000 0.700000 2013 2 26 20 47 41.130000
36.889500 139.399833 3.240000 0.700000 2013 2 26 21 9 34.130000
36.939167 139.415667 5.420000 0.600000 2013 2 26 21 36 58.070000
36.890167 139.418167 3.820000 0.500000 2013 2 26 21 39 2.870000
36.874500 139.493167 4.130000 1.600000 2013 2 26 21 43 18.490000
36.842833 139.411167 4.000000 1.200000 2013 2 26 22 25 56.220000
36.872333 139.460833 3.990000 1.500000 2013 2 26 22 44 11.410000
36.878833 139.433833 3.020000 1.000000 2013 2 26 23 29 1.040000
36.926833 139.396167 3.400000 0.200000 2013 2 27 0 7 8.430000
36.918667 139.404833 3.770000 0.600000 2013 2 27 0 20 1.850000
36.926833 139.392333 4.010000 1.000000 2013 2 27 0 24 23.340000
36.907000 139.399167 4.320000 1.100000 2013 2 27 0 30 28.700000
36.889000 139.398833 3.160000 0.800000 2013 2 27 1 14 6.130000
36.888167 139.417833 3.040000 1.200000 2013 2 27 1 21 28.150000
36.883000 139.429500 4.660000 1.400000 2013 2 27 1 30 42.070000
36.925667 139.395333 4.010000 1.000000 2013 2 27 1 41 50.110000
36.858333 139.416833 4.030000 0.700000 2013 2 27 1 47 30.380000
36.882167 139.430167 4.670000 1.700000 2013 2 27 1 47 39.840000
36.882500 139.429667 4.810000 1.400000 2013 2 27 1 52 31.950000
36.872667 139.363667 10.350000 0.500000 2013 2 27 2 3 16.610000
36.959333 139.360500 4.740000 0.700000 2013 2 27 2 3 51.240000
36.871000 139.459000 3.470000 0.800000 2013 2 27 2 15 33.530000
36.881833 139.428000 5.060000 0.800000 2013 2 27 2 17 4.870000
36.926667 139.396333 4.240000 1.200000 2013 2 27 2 21 13.670000
36.900833 139.407833 3.380000 0.800000 2013 2 27 2 27 52.030000
36.881167 139.429667 4.650000 1.100000 2013 2 27 2 37 7.610000
36.875167 139.410833 3.350000 0.700000 2013 2 27 2 38 53.400000
36.878333 139.449000 2.970000 0.600000 2013 2 27 2 41 32.340000
36.890167 139.408500 3.490000 0.600000 2013 2 27 2 48 51.350000
36.923500 139.398000 3.970000 2.000000 2013 2 27 2 51 51.840000
36.880167 139.432833 5.150000 1.600000 2013 2 27 2 52 9.720000
