        1970          8274
        6148          -486
         685          5654
        2634          -532
        7697           648
        5926          -547
        2241           594
         984           514
         977          2059
        1913          3816
        3262          -351
        1912          3876
        1931          3891
         598          -140
        1802          3846
        1120          3174
        1708          4024
        2922          1251
        7642           336
        2479          1219
        2423          1338
        3445           109
        2165           921
        6721          -350
       -6625          2473
        6018          -398
        3150          -129
        1801          3950
        1118          3620
         319          4701
        2057           266
        1802          3682
        1407          5315
        1838          4069
         282          4582
        7531           410
        2371           446
        1949          3935
         963          5432
        1728          3830
        2554           863
       10451         -3064
       10247         -2946
        7644             9
        1240          1110
        1745          4009
         447          5088
         916          3441
        6464          -827
        6611          -692
        1050          2268
        6426          -663
        2042          3906
        6389          -663
        5832           -72
        6648          -633
        6462          -485
        2817            77
        2647           834
        2737          1235
         948           202
        2127          1307
        6850          -290
        6389          -515
        1987          3832
         391          5162
       -1446          2331
       -6059          4200
        6261          -842
        6407          -381
        2411          -177
        7916          1258
        2477          1457
         713          8135
       -2771           810
         483          5252
        1214          2848
        6555          -485
        5645           282
        6556          -826
        4353          -227
        2356          -266
        2256          1426
        1678          2463
        6426          -559
       -1053          1322
        1585          2523
        1622          2478
         558         -3410
       10176         -3644
         336          5088
        1549          2329
        6536          -470
        3665           541
        1474          2477
         816           796
        1153          4200
        2481           595
        6184          -323
        1362          2759
