        1050          2268
        6426          -663
        2042          3906
        6389          -663
        5832           -72
        6648          -633
        6462          -485
        2817            77
        2647           834
        2737          1235
         948           202
        2127          1307
        6850          -290
        6389          -515
        1987          3832
         391          5162
       -1446          2331
       -6059          4200
        6261          -842
        6407          -381
        2411          -177
        7916          1258
        2477          1457
         713          8135
       -2771           810
         483          5252
        1214          2848
        6555          -485
        5645           282
        6556          -826
        4353          -227
        2356          -266
        2256          1426
        1678          2463
        6426          -559
       -1053          1322
        1585          2523
        1622          2478
         558         -3410
       10176         -3644
         336          5088
        1549          2329
        6536          -470
        3665           541
        1474          2477
         816           796
        1153          4200
        2481           595
        6184          -323
        1362          2759
        6295          -248
        6406          -203
        1622          2537
        3242           153
        5425          -163
        6610          -395
        6555          -440
        7384           320
        5590           223
        6761         -1018
        -722          1725
        3461          5234
        -498          5634
        3687          -186
        2648           551
         318           422
        6944          -691
       -1350          1395
        7037          -675
        2647           804
        6204          -620
        5109           250
        1417         -1162
        2054          1113
        -963          1754
        6282         -1406
        5331           207
        1384          1868
        1324         -1058
        3677          1997
       -6585          1700
       -6753          1997
        3407           287
        2762           -56
       -6733          1684
        3219          1029
        2877          3092
        3094           -40
       -6828          2368
        2216          1931
        2646           982
        2608          1279
        5647          -118
        4479           500
        5628           -73
        1074           945
        2518           551
        4019            97
        2386          1144
        4224          -376
