        2261           297
         611          1047
        2093           608
         -88          4893
        6630          -662
        5794           164
        1183          5893
       10028         -3600
       10269         -3629
       10066         -3689
        -793          5470
       10065         -3541
         914          -377
        1060          4303
        9806         -3423
       10064         -3422
       10102         -3585
        1246          3992
        1475          2314
        2199          1634
        2996          1192
        6352          -693
        2383          1798
        6334          -723
        6720          -217
        6682           109
        1210          3903
        6461          -143
        2985          -338
        4444            39
         517          1508
        1209          3918
        4462            84
       10378         -3272
        9954         -3497
        1773          1751
        1288          2863
        1156          3397
         424          1656
        2295           847
        1796           696
        6536          -396
        2610           759
        6186          -694
        1909           325
         738          6367
        6016           150
       -3380           495
         773          6873
       10121         -3689
        -737          5203
        6371          -708
        1758          1112
        2923          1072
        3597          3407
        3405           852
        5779          -607
        2609           952
        1228          3932
         791          6828
         738          6382
       -6585          1640
        5037          -239
        6556          -752
        6519          -797
        2670          -220
       -6086          1702
         734          7303
         864          7155
       10026         -3111
        4444           173
        1084          2922
         881          2921
        2462           699
        2796           626
        6335          -946
        5925          -235
        5870          -399
        5741          -488
        4038          -214
        5703          -310
        2739           908
        3368           777
        7531           484
        2830          1206
       10174         -3169
        2868           998
        2388          5200
        1394          4007
        2735          1799
        5999          -309
        1064          3278
        1543          3785
        1866          1825
        2986          -545
        2800          -383
        2819          -576
        4148           172
       10230         -3243
        1413          4007
