        -737          5203
        6371          -708
        1758          1112
        2923          1072
        3597          3407
        3405           852
        5779          -607
        2609           952
        1228          3932
         791          6828
         738          6382
       -6585          1640
        5037          -239
        6556          -752
        6519          -797
        2670          -220
       -6086          1702
         734          7303
         864          7155
       10026         -3111
        4444           173
        1084          2922
         881          2921
        2462           699
        2796           626
        6335          -946
        5925          -235
        5870          -399
        5741          -488
        4038          -214
        5703          -310
        2739           908
        3368           777
        7531           484
        2830          1206
       10174         -3169
        2868           998
        2388          5200
        1394          4007
        2735          1799
        5999          -309
        1064          3278
        1543          3785
        1866          1825
        2986          -545
        2800          -383
        2819          -576
        4148           172
       10230         -3243
        1413          4007
        -495           522
        2288          2615
        1557           368
        4388            99
        1613           309
         699          6664
        5908          -532
        6258          -352
       10194         -3466
       10137         -3229
         241          1090
         617          -229
         561          -141
         691          -140
        9953         -3230
        5921           640
         262          5102
        3999           230
         764           -95
        2812          1176
        2198          1827
        3464           -23
        2254          1842
        6386           108
        5686          -474
        5203          -179
         765          -214
         132          5132
         281          4880
         280          4984
         281          4776
        -850          1442
         114          5057
       10101         -3244
        1012          2386
       10174         -3140
       10063         -3110
       10065         -3556
         701          6352
        1131          4942
        6056          -517
        1462          5419
        2532          1754
         618          -467
       10192         -3065
       10212         -3421
        1413          3963
       10343         -3658
         765          -303
       10120         -3407
