        -495           522
        2288          2615
        1557           368
        4388            99
        1613           309
         699          6664
        5908          -532
        6258          -352
       10194         -3466
       10137         -3229
         241          1090
         617          -229
         561          -141
         691          -140
        9953         -3230
        5921           640
         262          5102
        3999           230
         764           -95
        2812          1176
        2198          1827
        3464           -23
        2254          1842
        6386           108
        5686          -474
        5203          -179
         765          -214
         132          5132
         281          4880
         280          4984
         281          4776
        -850          1442
         114          5057
       10101         -3244
        1012          2386
       10174         -3140
       10063         -3110
       10065         -3556
         701          6352
        1131          4942
        6056          -517
        1462          5419
        2532          1754
         618          -467
       10192         -3065
       10212         -3421
        1413          3963
       10343         -3658
         765          -303
       10120         -3407
       10156         -3258
        2390           327
        1132          4853
        5723          -548
        1186           753
        1295          1243
        1295          1199
        3962           260
         445          5445
         296          5667
        5963          -458
        4093            38
        1095          4898
       10248         -3124
       10137         -3169
        6073          -294
       10234         -4000
         279          5474
        3723             6
        1900          2450
        5479           237
        2423          1174
        -217          4818
       10340         -3035
         985          4511
        2423          1174
         920          7037
        6185          -397
        1428          4765
        3371           124
       10304         -3272
        5667          -489
        3335          -128
        3300          3688
         540          4777
       10156         -3273
        1051          2015
        5631          -652
        3944           201
        4594          -315
        5627           312
        5646           223
        5774           372
        5684           -28
        2979          1043
        3052          1192
        3616          3289
        1302          3918
        3334            49
        4186          -109
