       10156         -3258
        2390           327
        1132          4853
        5723          -548
        1186           753
        1295          1243
        1295          1199
        3962           260
         445          5445
         296          5667
        5963          -458
        4093            38
        1095          4898
       10248         -3124
       10137         -3169
        6073          -294
       10234         -4000
         279          5474
        3723             6
        1900          2450
        5479           237
        2423          1174
        -217          4818
       10340         -3035
         985          4511
        2423          1174
         920          7037
        6185          -397
        1428          4765
        3371           124
       10304         -3272
        5667          -489
        3335          -128
        3300          3688
         540          4777
       10156         -3273
        1051          2015
        5631          -652
        3944           201
        4594          -315
        5627           312
        5646           223
        5774           372
        5684           -28
        2979          1043
        3052          1192
        3616          3289
        1302          3918
        3334            49
        4186          -109
        5589           416
        4667          -241
        6018          -279
         225          4983
          77          4894
         373          5029
         262          5073
        1504          4216
        4779          -285
        6535          -217
        4926           -76
        6517          -188
         278          5563
          59          4790
         132          5161
         243          5117
         151          4998
         744          4629
        6164           -26
        6627           -24
        -907          1754
        4630          -107
         917          3144
         715          2801
        6315          -560
       10064         -3378
        1000           930
         724          4985
        1111           916
        5480            74
        4613          -419
        7440             8
        4555            85
        3555           243
        6335          -961
        5295           -45
        3446            -9
        2089          1455
        2252          2169
        2161          1901
        2068          2079
        -328          4818
        8139          1021
        4944          -180
        8523          1988
        6242          -738
        6204          -546
        5651          -890
        1687           280
         989          -584
