        5589           416
        4667          -241
        6018          -279
         225          4983
          77          4894
         373          5029
         262          5073
        1504          4216
        4779          -285
        6535          -217
        4926           -76
        6517          -188
         278          5563
          59          4790
         132          5161
         243          5117
         151          4998
         744          4629
        6164           -26
        6627           -24
        -907          1754
        4630          -107
         917          3144
         715          2801
        6315          -560
       10064         -3378
        1000           930
         724          4985
        1111           916
        5480            74
        4613          -419
        7440             8
        4555            85
        3555           243
        6335          -961
        5295           -45
        3446            -9
        2089          1455
        2252          2169
        2161          1901
        2068          2079
        -328          4818
        8139          1021
        4944          -180
        8523          1988
        6242          -738
        6204          -546
        5651          -890
        1687           280
         989          -584
         334          5519
         225          4969
        2423          1189
        9542          1577
        1420          2284
        6111          -516
        2161          1931
         224          5340
        2308          2050
        -125          4893
        2615          -280
         724          5030
        2093         -3476
        9635          1503
         761          5015
        7805          1138
        5331           296
        1939          1945
        5612          -608
        5462          -133
        6389          -515
       -4919          5840
         467          4672
        1831          5688
        1100          3605
        4461           351
       10379         -3450
        1142          2402
         168          5266
        4219           647
        5796          -295
         -34          5339
        5519          -356
        3981           245
        4628           248
        4221           202
        1883          2048
        6389          -545
        2390           312
        1063          3516
       -3069          1239
        2068          2079
        2053          1173
        3446           -38
        2556           432
        2294          1099
         583          8209
        1519           606
        3038           107
       -4825          5558
