***世代 1 適応度 max -30574.0 (19) mean -43116.88 時間 13:37:41.783027
2 1112 827
5 705 855
4 1040 410
6 6184 -293
7 6184 -204
10 3926 156
8 6165 -71
13 613 5059
1 1018 1005
0 984 395
3 1240 1006
11 3964 -36
14 3927 -125
12 4277 83
9 3872 -229
***世代 50 適応度 max -19399.0 (90) mean -21357.27 時間 13:37:44.384035
7 6184 -204
13 613 5059
5 705 855
1 1018 1005
3 1240 1006
2 1112 827
4 1040 410
0 984 395
10 3926 156
14 3927 -125
11 3964 -36
9 3872 -229
12 4277 83
8 6165 -71
6 6184 -293
***世代 100 適応度 max -19191.0 (37) mean -20013.18 時間 13:37:47.234501
7 6184 -204
13 613 5059
5 705 855
1 1018 1005
3 1240 1006
2 1112 827
0 984 395
4 1040 410
10 3926 156
11 3964 -36
14 3927 -125
9 3872 -229
12 4277 83
8 6165 -71
6 6184 -293
***世代 150 適応度 max -19007.0 (35) mean -19639.91 時間 13:37:49.898810
7 6184 -204
13 613 5059
3 1240 1006
2 1112 827
1 1018 1005
5 705 855
0 984 395
4 1040 410
9 3872 -229
14 3927 -125
11 3964 -36
10 3926 156
12 4277 83
8 6165 -71
6 6184 -293
***世代 200 適応度 max -19007.0 (8) mean -19420.59 時間 13:37:52.515825
7 6184 -204
13 613 5059
3 1240 1006
2 1112 827
1 1018 1005
5 705 855
0 984 395
4 1040 410
9 3872 -229
14 3927 -125
11 3964 -36
10 3926 156
12 4277 83
8 6165 -71
6 6184 -293
***世代 250 適応度 max -19007.0 (7) mean -19544.68 時間 13:37:54.993940
7 6184 -204
13 613 5059
3 1240 1006
2 1112 827
1 1018 1005
5 705 855
0 984 395
4 1040 410
9 3872 -229
14 3927 -125
11 3964 -36
10 3926 156
12 4277 83
8 6165 -71
6 6184 -293
***世代 300 適応度 max -19007.0 (2) mean -19455.29 時間 13:37:57.532640
7 6184 -204
13 613 5059
3 1240 1006
2 1112 827
1 1018 1005
5 705 855
0 984 395
4 1040 410
9 3872 -229
14 3927 -125
11 3964 -36
10 3926 156
12 4277 83
8 6165 -71
6 6184 -293
***世代 350 適応度 max -19007.0 (2) mean -19524.78 時間 13:38:00.049589
7 6184 -204
13 613 5059
3 1240 1006
2 1112 827
1 1018 1005
5 705 855
0 984 395
4 1040 410
9 3872 -229
14 3927 -125
11 3964 -36
10 3926 156
12 4277 83
8 6165 -71
6 6184 -293
***世代 400 適応度 max -18936.0 (14) mean -19449.72 時間 13:38:02.639093
8 6165 -71
13 613 5059
3 1240 1006
2 1112 827
1 1018 1005
5 705 855
0 984 395
4 1040 410
9 3872 -229
14 3927 -125
11 3964 -36
10 3926 156
12 4277 83
7 6184 -204
6 6184 -293
***世代 450 適応度 max -18936.0 (0) mean -20058.44 時間 13:38:05.006877
8 6165 -71
13 613 5059
3 1240 1006
2 1112 827
1 1018 1005
5 705 855
0 984 395
4 1040 410
9 3872 -229
14 3927 -125
11 3964 -36
10 3926 156
12 4277 83
7 6184 -204
6 6184 -293
***世代 500 適応度 max -18901.0 (44) mean -20724.76 時間 13:38:07.470609
12 4277 83
10 3926 156
11 3964 -36
14 3927 -125
9 3872 -229
4 1040 410
0 984 395
2 1112 827
3 1240 1006
1 1018 1005
5 705 855
13 613 5059
8 6165 -71
7 6184 -204
6 6184 -293
***世代 550 適応度 max -18901.0 (44) mean -20319.25 時間 13:38:09.837410
12 4277 83
10 3926 156
11 3964 -36
14 3927 -125
9 3872 -229
4 1040 410
0 984 395
2 1112 827
3 1240 1006
1 1018 1005
5 705 855
13 613 5059
8 6165 -71
7 6184 -204
6 6184 -293
***世代 600 適応度 max -18901.0 (44) mean -21184.2 時間 13:38:12.168209
12 4277 83
10 3926 156
11 3964 -36
14 3927 -125
9 3872 -229
4 1040 410
0 984 395
2 1112 827
3 1240 1006
1 1018 1005
5 705 855
13 613 5059
8 6165 -71
7 6184 -204
6 6184 -293
***世代 650 適応度 max -18901.0 (21) mean -21539.85 時間 13:38:14.754660
12 4277 83
10 3926 156
11 3964 -36
14 3927 -125
9 3872 -229
4 1040 410
0 984 395
2 1112 827
3 1240 1006
1 1018 1005
5 705 855
13 613 5059
8 6165 -71
7 6184 -204
6 6184 -293
***世代 700 適応度 max -18901.0 (21) mean -20987.62 時間 13:38:17.147094
12 4277 83
10 3926 156
11 3964 -36
14 3927 -125
9 3872 -229
4 1040 410
0 984 395
2 1112 827
3 1240 1006
1 1018 1005
5 705 855
13 613 5059
8 6165 -71
7 6184 -204
6 6184 -293
***世代 750 適応度 max -18901.0 (21) mean -19966.62 時間 13:38:19.652383
12 4277 83
10 3926 156
11 3964 -36
14 3927 -125
9 3872 -229
4 1040 410
0 984 395
2 1112 827
3 1240 1006
1 1018 1005
5 705 855
13 613 5059
8 6165 -71
7 6184 -204
6 6184 -293
***世代 800 適応度 max -18901.0 (21) mean -19924.09 時間 13:38:22.211983
12 4277 83
10 3926 156
11 3964 -36
14 3927 -125
9 3872 -229
4 1040 410
0 984 395
2 1112 827
3 1240 1006
1 1018 1005
5 705 855
13 613 5059
8 6165 -71
7 6184 -204
6 6184 -293
***世代 850 適応度 max -18901.0 (21) mean -21323.07 時間 13:38:24.796817
12 4277 83
10 3926 156
11 3964 -36
14 3927 -125
9 3872 -229
4 1040 410
0 984 395
2 1112 827
3 1240 1006
1 1018 1005
5 705 855
13 613 5059
8 6165 -71
7 6184 -204
6 6184 -293
***世代 900 適応度 max -18901.0 (21) mean -20316.39 時間 13:38:27.197037
12 4277 83
10 3926 156
11 3964 -36
14 3927 -125
9 3872 -229
4 1040 410
0 984 395
2 1112 827
3 1240 1006
1 1018 1005
5 705 855
13 613 5059
8 6165 -71
7 6184 -204
6 6184 -293
***世代 950 適応度 max -18901.0 (21) mean -20464.72 時間 13:38:29.923320
12 4277 83
10 3926 156
11 3964 -36
14 3927 -125
9 3872 -229
4 1040 410
0 984 395
2 1112 827
3 1240 1006
1 1018 1005
5 705 855
13 613 5059
8 6165 -71
7 6184 -204
6 6184 -293
***世代 1000 適応度 max -18863.0 (16) mean -19798.25 時間 13:38:32.416279
8 6165 -71
13 613 5059
3 1240 1006
2 1112 827
1 1018 1005
5 705 855
0 984 395
4 1040 410
9 3872 -229
14 3927 -125
11 3964 -36
10 3926 156
12 4277 83
6 6184 -293
7 6184 -204
***世代 1050 適応度 max -18863.0 (7) mean -19430.86 時間 13:38:34.951370
8 6165 -71
13 613 5059
3 1240 1006
2 1112 827
1 1018 1005
5 705 855
0 984 395
4 1040 410
9 3872 -229
14 3927 -125
11 3964 -36
10 3926 156
12 4277 83
6 6184 -293
7 6184 -204
***世代 1100 適応度 max -18863.0 (5) mean -19973.49 時間 13:38:37.440572
8 6165 -71
13 613 5059
3 1240 1006
2 1112 827
1 1018 1005
5 705 855
0 984 395
4 1040 410
9 3872 -229
14 3927 -125
11 3964 -36
10 3926 156
12 4277 83
6 6184 -293
7 6184 -204
***世代 1150 適応度 max -18863.0 (5) mean -19271.01 時間 13:38:40.020580
8 6165 -71
13 613 5059
3 1240 1006
2 1112 827
1 1018 1005
5 705 855
0 984 395
4 1040 410
9 3872 -229
14 3927 -125
11 3964 -36
10 3926 156
12 4277 83
6 6184 -293
7 6184 -204
***世代 1200 適応度 max -18863.0 (3) mean -24934.55 時間 13:38:42.431922
8 6165 -71
13 613 5059
3 1240 1006
2 1112 827
1 1018 1005
5 705 855
0 984 395
4 1040 410
9 3872 -229
14 3927 -125
11 3964 -36
10 3926 156
12 4277 83
6 6184 -293
7 6184 -204
***世代 1250 適応度 max -18863.0 (3) mean -20854.13 時間 13:38:45.041264
8 6165 -71
13 613 5059
3 1240 1006
2 1112 827
1 1018 1005
5 705 855
0 984 395
4 1040 410
9 3872 -229
14 3927 -125
11 3964 -36
10 3926 156
12 4277 83
6 6184 -293
7 6184 -204
***世代 1300 適応度 max -18863.0 (3) mean -20728.19 時間 13:38:47.546308
8 6165 -71
13 613 5059
3 1240 1006
2 1112 827
1 1018 1005
5 705 855
0 984 395
4 1040 410
9 3872 -229
14 3927 -125
11 3964 -36
10 3926 156
12 4277 83
6 6184 -293
7 6184 -204
***世代 1350 適応度 max -18863.0 (3) mean -20526.3 時間 13:38:50.205902
8 6165 -71
13 613 5059
3 1240 1006
2 1112 827
1 1018 1005
5 705 855
0 984 395
4 1040 410
9 3872 -229
14 3927 -125
11 3964 -36
10 3926 156
12 4277 83
6 6184 -293
7 6184 -204
***世代 1400 適応度 max -18863.0 (3) mean -19827.88 時間 13:38:52.553788
8 6165 -71
13 613 5059
3 1240 1006
2 1112 827
1 1018 1005
5 705 855
0 984 395
4 1040 410
9 3872 -229
14 3927 -125
11 3964 -36
10 3926 156
12 4277 83
6 6184 -293
7 6184 -204
***世代 1450 適応度 max -18863.0 (3) mean -20897.99 時間 13:38:55.192974
8 6165 -71
13 613 5059
3 1240 1006
2 1112 827
1 1018 1005
5 705 855
0 984 395
4 1040 410
9 3872 -229
14 3927 -125
11 3964 -36
10 3926 156
12 4277 83
6 6184 -293
7 6184 -204
***世代 1500 適応度 max -18863.0 (3) mean -20252.34 時間 13:38:57.642870
8 6165 -71
13 613 5059
3 1240 1006
2 1112 827
1 1018 1005
5 705 855
0 984 395
4 1040 410
9 3872 -229
14 3927 -125
11 3964 -36
10 3926 156
12 4277 83
6 6184 -293
7 6184 -204
***世代 1550 適応度 max -18863.0 (3) mean -20793.04 時間 13:39:00.142440
8 6165 -71
13 613 5059
3 1240 1006
2 1112 827
1 1018 1005
5 705 855
0 984 395
4 1040 410
9 3872 -229
14 3927 -125
11 3964 -36
10 3926 156
12 4277 83
6 6184 -293
7 6184 -204
***世代 1600 適応度 max -18863.0 (0) mean -22403.73 時間 13:39:02.533480
8 6165 -71
13 613 5059
3 1240 1006
2 1112 827
1 1018 1005
5 705 855
0 984 395
4 1040 410
9 3872 -229
14 3927 -125
11 3964 -36
10 3926 156
12 4277 83
6 6184 -293
7 6184 -204
***世代 1650 適応度 max -18863.0 (0) mean -21636.92 時間 13:39:05.131425
8 6165 -71
13 613 5059
3 1240 1006
2 1112 827
1 1018 1005
5 705 855
0 984 395
4 1040 410
9 3872 -229
14 3927 -125
11 3964 -36
10 3926 156
12 4277 83
6 6184 -293
7 6184 -204
***世代 1700 適応度 max -18863.0 (0) mean -23503.28 時間 13:39:07.519192
8 6165 -71
13 613 5059
3 1240 1006
2 1112 827
1 1018 1005
5 705 855
0 984 395
4 1040 410
9 3872 -229
14 3927 -125
11 3964 -36
10 3926 156
12 4277 83
6 6184 -293
7 6184 -204
***世代 1750 適応度 max -18863.0 (0) mean -20836.46 時間 13:39:10.126282
8 6165 -71
13 613 5059
3 1240 1006
2 1112 827
1 1018 1005
5 705 855
0 984 395
4 1040 410
9 3872 -229
14 3927 -125
11 3964 -36
10 3926 156
12 4277 83
6 6184 -293
7 6184 -204
***世代 1800 適応度 max -18863.0 (0) mean -22193.16 時間 13:39:12.587636
8 6165 -71
13 613 5059
3 1240 1006
2 1112 827
1 1018 1005
5 705 855
0 984 395
4 1040 410
9 3872 -229
14 3927 -125
11 3964 -36
10 3926 156
12 4277 83
6 6184 -293
7 6184 -204
***世代 1850 適応度 max -18863.0 (0) mean -21377.99 時間 13:39:15.121151
8 6165 -71
13 613 5059
3 1240 1006
2 1112 827
1 1018 1005
5 705 855
0 984 395
4 1040 410
9 3872 -229
14 3927 -125
11 3964 -36
10 3926 156
12 4277 83
6 6184 -293
7 6184 -204
***世代 1900 適応度 max -18863.0 (0) mean -20466.88 時間 13:39:17.535511
8 6165 -71
13 613 5059
3 1240 1006
2 1112 827
1 1018 1005
5 705 855
0 984 395
4 1040 410
9 3872 -229
14 3927 -125
11 3964 -36
10 3926 156
12 4277 83
6 6184 -293
7 6184 -204
***世代 1950 適応度 max -18863.0 (0) mean -21588.36 時間 13:39:20.052614
8 6165 -71
13 613 5059
3 1240 1006
2 1112 827
1 1018 1005
5 705 855
0 984 395
4 1040 410
9 3872 -229
14 3927 -125
11 3964 -36
10 3926 156
12 4277 83
6 6184 -293
7 6184 -204
***世代 2000 適応度 max -18863.0 (0) mean -20900.43 時間 13:39:22.585265
8 6165 -71
13 613 5059
3 1240 1006
2 1112 827
1 1018 1005
5 705 855
0 984 395
4 1040 410
9 3872 -229
14 3927 -125
11 3964 -36
10 3926 156
12 4277 83
6 6184 -293
7 6184 -204
***世代 1999 適応度 max -18863.0 (0) mean -20900.43 時間 13:39:22.585663
8 6165 -71
13 613 5059
3 1240 1006
2 1112 827
1 1018 1005
5 705 855
0 984 395
4 1040 410
9 3872 -229
14 3927 -125
11 3964 -36
10 3926 156
12 4277 83
6 6184 -293
7 6184 -204
***世代 1 適応度 max -65352.0 (0) mean -87572.66 時間 14:51:19.989852
26 1055 1064
6 1278 946
16 6056 -591
27 10212 -3332
17 6203 -323
2 1464 591
14 1906 994
21 5779 -637
23 5724 -726
4 740 1256
22 6403 330
19 5981 -398
15 5981 -428
7 648 1048
9 778 1033
12 740 1271
18 6276 -219
20 6074 -487
11 1427 575
25 2370 580
24 5944 -413
1 1518 918
13 778 944
5 520 839
3 760 974
0 1130 871
8 1203 1050
10 1333 917
***世代 50 適応度 max -27835.0 (14) mean -36775.34 時間 14:51:22.627891
26 1055 1064
15 5981 -428
24 5944 -413
17 6203 -323
18 6276 -219
22 6403 330
19 5981 -398
20 6074 -487
16 6056 -591
27 10212 -3332
23 5724 -726
21 5779 -637
25 2370 580
11 1427 575
1 1518 918
14 1906 994
9 778 1033
5 520 839
7 648 1048
0 1130 871
8 1203 1050
6 1278 946
13 778 944
3 760 974
4 740 1256
12 740 1271
2 1464 591
10 1333 917
***世代 100 適応度 max -26956.0 (23) mean -30747.35 時間 14:51:25.112930
24 5944 -413
16 6056 -591
20 6074 -487
18 6276 -219
19 5981 -398
22 6403 330
27 10212 -3332
17 6203 -323
15 5981 -428
21 5779 -637
23 5724 -726
25 2370 580
14 1906 994
11 1427 575
1 1518 918
26 1055 1064
4 740 1256
12 740 1271
6 1278 946
8 1203 1050
0 1130 871
3 760 974
9 778 1033
7 648 1048
13 778 944
5 520 839
2 1464 591
10 1333 917
***世代 150 適応度 max -25849.0 (77) mean -28187.22 時間 14:51:27.749810
19 5981 -398
24 5944 -413
15 5981 -428
20 6074 -487
22 6403 330
27 10212 -3332
18 6276 -219
17 6203 -323
16 6056 -591
21 5779 -637
23 5724 -726
25 2370 580
14 1906 994
1 1518 918
2 1464 591
11 1427 575
26 1055 1064
7 648 1048
4 740 1256
12 740 1271
0 1130 871
8 1203 1050
6 1278 946
9 778 1033
5 520 839
3 760 974
13 778 944
10 1333 917
***世代 200 適応度 max -24347.0 (82) mean -25710.13 時間 14:51:30.492891
24 5944 -413
15 5981 -428
19 5981 -398
18 6276 -219
22 6403 330
27 10212 -3332
17 6203 -323
20 6074 -487
16 6056 -591
21 5779 -637
23 5724 -726
25 2370 580
14 1906 994
1 1518 918
2 1464 591
11 1427 575
0 1130 871
26 1055 1064
9 778 1033
4 740 1256
12 740 1271
7 648 1048
5 520 839
13 778 944
3 760 974
8 1203 1050
6 1278 946
10 1333 917
***世代 250 適応度 max -24054.0 (15) mean -24522.45 時間 14:51:33.725288
24 5944 -413
15 5981 -428
19 5981 -398
27 10212 -3332
22 6403 330
18 6276 -219
17 6203 -323
20 6074 -487
16 6056 -591
21 5779 -637
23 5724 -726
25 2370 580
14 1906 994
2 1464 591
11 1427 575
0 1130 871
26 1055 1064
9 778 1033
13 778 944
3 760 974
5 520 839
7 648 1048
4 740 1256
12 740 1271
8 1203 1050
6 1278 946
10 1333 917
1 1518 918
***世代 300 適応度 max -24012.0 (56) mean -25551.64 時間 14:51:36.477715
14 1906 994
25 2370 580
23 5724 -726
21 5779 -637
16 6056 -591
20 6074 -487
17 6203 -323
27 10212 -3332
22 6403 330
18 6276 -219
15 5981 -428
24 5944 -413
19 5981 -398
11 1427 575
2 1464 591
0 1130 871
26 1055 1064
9 778 1033
13 778 944
3 760 974
5 520 839
7 648 1048
4 740 1256
12 740 1271
8 1203 1050
6 1278 946
10 1333 917
1 1518 918
***世代 350 適応度 max -23929.0 (2) mean -24282.72 時間 14:51:39.208844
24 5944 -413
15 5981 -428
19 5981 -398
17 6203 -323
18 6276 -219
22 6403 330
27 10212 -3332
20 6074 -487
16 6056 -591
21 5779 -637
23 5724 -726
25 2370 580
14 1906 994
2 1464 591
11 1427 575
0 1130 871
26 1055 1064
9 778 1033
3 760 974
13 778 944
5 520 839
7 648 1048
4 740 1256
12 740 1271
8 1203 1050
6 1278 946
10 1333 917
1 1518 918
***世代 400 適応度 max -23883.0 (17) mean -24483.83 時間 14:51:42.289550
24 5944 -413
15 5981 -428
19 5981 -398
20 6074 -487
17 6203 -323
18 6276 -219
22 6403 330
27 10212 -3332
16 6056 -591
21 5779 -637
23 5724 -726
25 2370 580
14 1906 994
2 1464 591
11 1427 575
0 1130 871
26 1055 1064
9 778 1033
3 760 974
13 778 944
5 520 839
7 648 1048
4 740 1256
12 740 1271
8 1203 1050
6 1278 946
10 1333 917
1 1518 918
***世代 450 適応度 max -23883.0 (8) mean -25454.05 時間 14:51:45.071015
24 5944 -413
15 5981 -428
19 5981 -398
20 6074 -487
17 6203 -323
18 6276 -219
22 6403 330
27 10212 -3332
16 6056 -591
21 5779 -637
23 5724 -726
25 2370 580
14 1906 994
2 1464 591
11 1427 575
0 1130 871
26 1055 1064
9 778 1033
3 760 974
13 778 944
5 520 839
7 648 1048
4 740 1256
12 740 1271
8 1203 1050
6 1278 946
10 1333 917
1 1518 918
***世代 500 適応度 max -23883.0 (8) mean -25555.71 時間 14:51:47.919136
24 5944 -413
15 5981 -428
19 5981 -398
20 6074 -487
17 6203 -323
18 6276 -219
22 6403 330
27 10212 -3332
16 6056 -591
21 5779 -637
23 5724 -726
25 2370 580
14 1906 994
2 1464 591
11 1427 575
0 1130 871
26 1055 1064
9 778 1033
3 760 974
13 778 944
5 520 839
7 648 1048
4 740 1256
12 740 1271
8 1203 1050
6 1278 946
10 1333 917
1 1518 918
***世代 550 適応度 max -23883.0 (3) mean -24541.6 時間 14:51:50.726855
24 5944 -413
15 5981 -428
19 5981 -398
20 6074 -487
17 6203 -323
18 6276 -219
22 6403 330
27 10212 -3332
16 6056 -591
21 5779 -637
23 5724 -726
25 2370 580
14 1906 994
2 1464 591
11 1427 575
0 1130 871
26 1055 1064
9 778 1033
3 760 974
13 778 944
5 520 839
7 648 1048
4 740 1256
12 740 1271
8 1203 1050
6 1278 946
10 1333 917
1 1518 918
***世代 600 適応度 max -23883.0 (0) mean -24536.28 時間 14:51:53.707733
24 5944 -413
15 5981 -428
19 5981 -398
20 6074 -487
17 6203 -323
18 6276 -219
22 6403 330
27 10212 -3332
16 6056 -591
21 5779 -637
23 5724 -726
25 2370 580
14 1906 994
2 1464 591
11 1427 575
0 1130 871
26 1055 1064
9 778 1033
3 760 974
13 778 944
5 520 839
7 648 1048
4 740 1256
12 740 1271
8 1203 1050
6 1278 946
10 1333 917
1 1518 918
***世代 650 適応度 max -23883.0 (0) mean -24396.44 時間 14:51:57.271024
24 5944 -413
15 5981 -428
19 5981 -398
20 6074 -487
17 6203 -323
18 6276 -219
22 6403 330
27 10212 -3332
16 6056 -591
21 5779 -637
23 5724 -726
25 2370 580
14 1906 994
2 1464 591
11 1427 575
0 1130 871
26 1055 1064
9 778 1033
3 760 974
13 778 944
5 520 839
7 648 1048
4 740 1256
12 740 1271
8 1203 1050
6 1278 946
10 1333 917
1 1518 918
***世代 700 適応度 max -23819.0 (74) mean -24333.15 時間 14:52:00.546811
24 5944 -413
15 5981 -428
19 5981 -398
20 6074 -487
17 6203 -323
18 6276 -219
22 6403 330
27 10212 -3332
16 6056 -591
21 5779 -637
23 5724 -726
25 2370 580
14 1906 994
2 1464 591
11 1427 575
0 1130 871
13 778 944
9 778 1033
3 760 974
5 520 839
7 648 1048
4 740 1256
12 740 1271
26 1055 1064
8 1203 1050
6 1278 946
10 1333 917
1 1518 918
***世代 750 適応度 max -23778.0 (4) mean -24424.47 時間 14:52:03.688076
24 5944 -413
19 5981 -398
15 5981 -428
20 6074 -487
17 6203 -323
18 6276 -219
22 6403 330
27 10212 -3332
16 6056 -591
21 5779 -637
23 5724 -726
25 2370 580
14 1906 994
2 1464 591
11 1427 575
0 1130 871
9 778 1033
3 760 974
13 778 944
5 520 839
7 648 1048
4 740 1256
12 740 1271
26 1055 1064
8 1203 1050
6 1278 946
10 1333 917
1 1518 918
***世代 800 適応度 max -23778.0 (4) mean -24051.02 時間 14:52:06.572185
24 5944 -413
19 5981 -398
15 5981 -428
20 6074 -487
17 6203 -323
18 6276 -219
22 6403 330
27 10212 -3332
16 6056 -591
21 5779 -637
23 5724 -726
25 2370 580
14 1906 994
2 1464 591
11 1427 575
0 1130 871
9 778 1033
3 760 974
13 778 944
5 520 839
7 648 1048
4 740 1256
12 740 1271
26 1055 1064
8 1203 1050
6 1278 946
10 1333 917
1 1518 918
***世代 850 適応度 max -23778.0 (3) mean -24516.48 時間 14:52:09.682703
24 5944 -413
19 5981 -398
15 5981 -428
20 6074 -487
17 6203 -323
18 6276 -219
22 6403 330
27 10212 -3332
16 6056 -591
21 5779 -637
23 5724 -726
25 2370 580
14 1906 994
2 1464 591
11 1427 575
0 1130 871
9 778 1033
3 760 974
13 778 944
5 520 839
7 648 1048
4 740 1256
12 740 1271
26 1055 1064
8 1203 1050
6 1278 946
10 1333 917
1 1518 918
***世代 900 適応度 max -23778.0 (0) mean -24523.1 時間 14:52:13.028623
24 5944 -413
19 5981 -398
15 5981 -428
20 6074 -487
17 6203 -323
18 6276 -219
22 6403 330
27 10212 -3332
16 6056 -591
21 5779 -637
23 5724 -726
25 2370 580
14 1906 994
2 1464 591
11 1427 575
0 1130 871
9 778 1033
3 760 974
13 778 944
5 520 839
7 648 1048
4 740 1256
12 740 1271
26 1055 1064
8 1203 1050
6 1278 946
10 1333 917
1 1518 918
***世代 950 適応度 max -23778.0 (0) mean -25122.12 時間 14:52:16.585042
24 5944 -413
19 5981 -398
15 5981 -428
20 6074 -487
17 6203 -323
18 6276 -219
22 6403 330
27 10212 -3332
16 6056 -591
21 5779 -637
23 5724 -726
25 2370 580
14 1906 994
2 1464 591
11 1427 575
0 1130 871
9 778 1033
3 760 974
13 778 944
5 520 839
7 648 1048
4 740 1256
12 740 1271
26 1055 1064
8 1203 1050
6 1278 946
10 1333 917
1 1518 918
***世代 1000 適応度 max -23778.0 (0) mean -24399.78 時間 14:52:19.706019
24 5944 -413
19 5981 -398
15 5981 -428
20 6074 -487
17 6203 -323
18 6276 -219
22 6403 330
27 10212 -3332
16 6056 -591
21 5779 -637
23 5724 -726
25 2370 580
14 1906 994
2 1464 591
11 1427 575
0 1130 871
9 778 1033
3 760 974
13 778 944
5 520 839
7 648 1048
4 740 1256
12 740 1271
26 1055 1064
8 1203 1050
6 1278 946
10 1333 917
1 1518 918
***世代 1050 適応度 max -23778.0 (0) mean -25077.33 時間 14:52:23.486526
24 5944 -413
19 5981 -398
15 5981 -428
20 6074 -487
17 6203 -323
18 6276 -219
22 6403 330
27 10212 -3332
16 6056 -591
21 5779 -637
23 5724 -726
25 2370 580
14 1906 994
2 1464 591
11 1427 575
0 1130 871
9 778 1033
3 760 974
13 778 944
5 520 839
7 648 1048
4 740 1256
12 740 1271
26 1055 1064
8 1203 1050
6 1278 946
10 1333 917
1 1518 918
***世代 1100 適応度 max -23778.0 (0) mean -25335.59 時間 14:52:27.499122
24 5944 -413
19 5981 -398
15 5981 -428
20 6074 -487
17 6203 -323
18 6276 -219
22 6403 330
27 10212 -3332
16 6056 -591
21 5779 -637
23 5724 -726
25 2370 580
14 1906 994
2 1464 591
11 1427 575
0 1130 871
9 778 1033
3 760 974
13 778 944
5 520 839
7 648 1048
4 740 1256
12 740 1271
26 1055 1064
8 1203 1050
6 1278 946
10 1333 917
1 1518 918
***世代 1150 適応度 max -23778.0 (0) mean -24064.12 時間 14:52:31.858196
24 5944 -413
19 5981 -398
15 5981 -428
20 6074 -487
17 6203 -323
18 6276 -219
22 6403 330
27 10212 -3332
16 6056 -591
21 5779 -637
23 5724 -726
25 2370 580
14 1906 994
2 1464 591
11 1427 575
0 1130 871
9 778 1033
3 760 974
13 778 944
5 520 839
7 648 1048
4 740 1256
12 740 1271
26 1055 1064
8 1203 1050
6 1278 946
10 1333 917
1 1518 918
***世代 1200 適応度 max -23778.0 (0) mean -24825.05 時間 14:52:35.579831
24 5944 -413
19 5981 -398
15 5981 -428
20 6074 -487
17 6203 -323
18 6276 -219
22 6403 330
27 10212 -3332
16 6056 -591
21 5779 -637
23 5724 -726
25 2370 580
14 1906 994
2 1464 591
11 1427 575
0 1130 871
9 778 1033
3 760 974
13 778 944
5 520 839
7 648 1048
4 740 1256
12 740 1271
26 1055 1064
8 1203 1050
6 1278 946
10 1333 917
1 1518 918
***世代 1250 適応度 max -23778.0 (0) mean -24056.48 時間 14:52:38.881807
24 5944 -413
19 5981 -398
15 5981 -428
20 6074 -487
17 6203 -323
18 6276 -219
22 6403 330
27 10212 -3332
16 6056 -591
21 5779 -637
23 5724 -726
25 2370 580
14 1906 994
2 1464 591
11 1427 575
0 1130 871
9 778 1033
3 760 974
13 778 944
5 520 839
7 648 1048
4 740 1256
12 740 1271
26 1055 1064
8 1203 1050
6 1278 946
10 1333 917
1 1518 918
***世代 1300 適応度 max -23778.0 (0) mean -25826.9 時間 14:52:42.610710
24 5944 -413
19 5981 -398
15 5981 -428
20 6074 -487
17 6203 -323
18 6276 -219
22 6403 330
27 10212 -3332
16 6056 -591
21 5779 -637
23 5724 -726
25 2370 580
14 1906 994
2 1464 591
11 1427 575
0 1130 871
9 778 1033
3 760 974
13 778 944
5 520 839
7 648 1048
4 740 1256
12 740 1271
26 1055 1064
8 1203 1050
6 1278 946
10 1333 917
1 1518 918
***世代 1350 適応度 max -23778.0 (0) mean -24123.61 時間 14:52:46.186774
24 5944 -413
19 5981 -398
15 5981 -428
20 6074 -487
17 6203 -323
18 6276 -219
22 6403 330
27 10212 -3332
16 6056 -591
21 5779 -637
23 5724 -726
25 2370 580
14 1906 994
2 1464 591
11 1427 575
0 1130 871
9 778 1033
3 760 974
13 778 944
5 520 839
7 648 1048
4 740 1256
12 740 1271
26 1055 1064
8 1203 1050
6 1278 946
10 1333 917
1 1518 918
***世代 1400 適応度 max -23778.0 (0) mean -24242.83 時間 14:52:50.291156
24 5944 -413
19 5981 -398
15 5981 -428
20 6074 -487
17 6203 -323
18 6276 -219
22 6403 330
27 10212 -3332
16 6056 -591
21 5779 -637
23 5724 -726
25 2370 580
14 1906 994
2 1464 591
11 1427 575
0 1130 871
9 778 1033
3 760 974
13 778 944
5 520 839
7 648 1048
4 740 1256
12 740 1271
26 1055 1064
8 1203 1050
6 1278 946
10 1333 917
1 1518 918
***世代 1450 適応度 max -23778.0 (0) mean -24322.56 時間 14:52:54.287495
24 5944 -413
19 5981 -398
15 5981 -428
20 6074 -487
17 6203 -323
18 6276 -219
22 6403 330
27 10212 -3332
16 6056 -591
21 5779 -637
23 5724 -726
25 2370 580
14 1906 994
2 1464 591
11 1427 575
0 1130 871
9 778 1033
3 760 974
13 778 944
5 520 839
7 648 1048
4 740 1256
12 740 1271
26 1055 1064
8 1203 1050
6 1278 946
10 1333 917
1 1518 918
***世代 1500 適応度 max -23778.0 (0) mean -24106.98 時間 14:52:58.338752
24 5944 -413
19 5981 -398
15 5981 -428
20 6074 -487
17 6203 -323
18 6276 -219
22 6403 330
27 10212 -3332
16 6056 -591
21 5779 -637
23 5724 -726
25 2370 580
14 1906 994
2 1464 591
11 1427 575
0 1130 871
9 778 1033
3 760 974
13 778 944
5 520 839
7 648 1048
4 740 1256
12 740 1271
26 1055 1064
8 1203 1050
6 1278 946
10 1333 917
1 1518 918
***世代 1550 適応度 max -23642.0 (8) mean -26564.91 時間 14:53:01.994473
14 1906 994
25 2370 580
23 5724 -726
21 5779 -637
16 6056 -591
27 10212 -3332
22 6403 330
18 6276 -219
17 6203 -323
20 6074 -487
15 5981 -428
19 5981 -398
24 5944 -413
2 1464 591
11 1427 575
0 1130 871
13 778 944
7 648 1048
5 520 839
3 760 974
9 778 1033
4 740 1256
12 740 1271
26 1055 1064
8 1203 1050
6 1278 946
10 1333 917
1 1518 918
***世代 1600 適応度 max -23642.0 (8) mean -26216.67 時間 14:53:05.124446
14 1906 994
25 2370 580
23 5724 -726
21 5779 -637
16 6056 -591
27 10212 -3332
22 6403 330
18 6276 -219
17 6203 -323
20 6074 -487
15 5981 -428
19 5981 -398
24 5944 -413
2 1464 591
11 1427 575
0 1130 871
13 778 944
7 648 1048
5 520 839
3 760 974
9 778 1033
4 740 1256
12 740 1271
26 1055 1064
8 1203 1050
6 1278 946
10 1333 917
1 1518 918
***世代 1650 適応度 max -23618.0 (5) mean -28272.57 時間 14:53:08.993568
24 5944 -413
19 5981 -398
15 5981 -428
20 6074 -487
17 6203 -323
18 6276 -219
22 6403 330
27 10212 -3332
16 6056 -591
21 5779 -637
23 5724 -726
25 2370 580
14 1906 994
1 1518 918
10 1333 917
6 1278 946
8 1203 1050
26 1055 1064
4 740 1256
12 740 1271
5 520 839
7 648 1048
9 778 1033
3 760 974
13 778 944
0 1130 871
11 1427 575
2 1464 591
***世代 1700 適応度 max -23566.0 (10) mean -25961.89 時間 14:53:12.611414
24 5944 -413
19 5981 -398
15 5981 -428
20 6074 -487
17 6203 -323
18 6276 -219
22 6403 330
27 10212 -3332
16 6056 -591
21 5779 -637
23 5724 -726
25 2370 580
14 1906 994
1 1518 918
10 1333 917
6 1278 946
8 1203 1050
26 1055 1064
4 740 1256
12 740 1271
7 648 1048
5 520 839
9 778 1033
3 760 974
13 778 944
0 1130 871
11 1427 575
2 1464 591
***世代 1750 適応度 max -23550.0 (4) mean -24239.36 時間 14:53:16.598078
24 5944 -413
19 5981 -398
15 5981 -428
20 6074 -487
17 6203 -323
18 6276 -219
22 6403 330
27 10212 -3332
16 6056 -591
21 5779 -637
23 5724 -726
25 2370 580
14 1906 994
1 1518 918
10 1333 917
6 1278 946
8 1203 1050
26 1055 1064
4 740 1256
12 740 1271
7 648 1048
5 520 839
13 778 944
3 760 974
9 778 1033
0 1130 871
11 1427 575
2 1464 591
***世代 1800 適応度 max -23544.0 (7) mean -24180.48 時間 14:53:20.781493
24 5944 -413
19 5981 -398
15 5981 -428
20 6074 -487
17 6203 -323
18 6276 -219
22 6403 330
27 10212 -3332
16 6056 -591
21 5779 -637
23 5724 -726
25 2370 580
14 1906 994
1 1518 918
10 1333 917
6 1278 946
8 1203 1050
26 1055 1064
12 740 1271
4 740 1256
7 648 1048
5 520 839
13 778 944
3 760 974
9 778 1033
0 1130 871
11 1427 575
2 1464 591
***世代 1850 適応度 max -23544.0 (6) mean -24150.86 時間 14:53:24.755613
24 5944 -413
19 5981 -398
15 5981 -428
20 6074 -487
17 6203 -323
18 6276 -219
22 6403 330
27 10212 -3332
16 6056 -591
21 5779 -637
23 5724 -726
25 2370 580
14 1906 994
1 1518 918
10 1333 917
6 1278 946
8 1203 1050
26 1055 1064
12 740 1271
4 740 1256
7 648 1048
5 520 839
13 778 944
3 760 974
9 778 1033
0 1130 871
11 1427 575
2 1464 591
***世代 1900 適応度 max -23513.0 (50) mean -24134.07 時間 14:53:29.611654
24 5944 -413
19 5981 -398
15 5981 -428
20 6074 -487
17 6203 -323
18 6276 -219
22 6403 330
27 10212 -3332
16 6056 -591
21 5779 -637
23 5724 -726
25 2370 580
2 1464 591
11 1427 575
0 1130 871
9 778 1033
3 760 974
13 778 944
5 520 839
7 648 1048
4 740 1256
12 740 1271
26 1055 1064
8 1203 1050
6 1278 946
10 1333 917
1 1518 918
14 1906 994
***世代 1950 適応度 max -23513.0 (9) mean -25234.12 時間 14:53:33.821132
24 5944 -413
19 5981 -398
15 5981 -428
20 6074 -487
17 6203 -323
18 6276 -219
22 6403 330
27 10212 -3332
16 6056 -591
21 5779 -637
23 5724 -726
25 2370 580
2 1464 591
11 1427 575
0 1130 871
9 778 1033
3 760 974
13 778 944
5 520 839
7 648 1048
4 740 1256
12 740 1271
26 1055 1064
8 1203 1050
6 1278 946
10 1333 917
1 1518 918
14 1906 994
***世代 2000 適応度 max -23513.0 (9) mean -25358.22 時間 14:53:38.325980
24 5944 -413
19 5981 -398
15 5981 -428
20 6074 -487
17 6203 -323
18 6276 -219
22 6403 330
27 10212 -3332
16 6056 -591
21 5779 -637
23 5724 -726
25 2370 580
2 1464 591
11 1427 575
0 1130 871
9 778 1033
3 760 974
13 778 944
5 520 839
7 648 1048
4 740 1256
12 740 1271
26 1055 1064
8 1203 1050
6 1278 946
10 1333 917
1 1518 918
14 1906 994
***世代 1999 適応度 max -23513.0 (9) mean -25358.22 時間 14:53:38.326458
24 5944 -413
19 5981 -398
15 5981 -428
20 6074 -487
17 6203 -323
18 6276 -219
22 6403 330
27 10212 -3332
16 6056 -591
21 5779 -637
23 5724 -726
25 2370 580
2 1464 591
11 1427 575
0 1130 871
9 778 1033
3 760 974
13 778 944
5 520 839
7 648 1048
4 740 1256
12 740 1271
26 1055 1064
8 1203 1050
6 1278 946
10 1333 917
1 1518 918
14 1906 994
