***世代 1 適応度 max -501106.0 (45) mean -575900.56 時間 15:47:35.492855
15 6536 -470
12 10176 -3644
88 10064 -3422
31 5590 223
30 7384 320
94 6352 -693
98 6682 109
95 2383 1798
84 10065 -3541
125 4537 -33
48 6282 -1406
97 6720 -217
21 6184 -323
10 1622 2478
71 2386 1144
116 6186 -694
92 2199 1634
69 2518 551
107 9954 -3497
33 -722 1725
124 4536 84
17 1474 2477
96 6334 -723
45 1417 -1162
32 6761 -1018
59 2877 3092
46 2054 1113
63 2646 982
120 3411 -440
44 5109 250
68 1074 945
119 3167 212
89 10102 -3585
27 5425 -163
16 3665 541
91 1475 2314
50 1384 1868
72 4224 -376
62 2216 1931
6 1678 2463
49 5331 207
75 2093 608
117 4186 -169
55 3407 287
43 6204 -620
2 6556 -826
85 914 -377
111 424 1656
121 4039 -229
65 5647 -118
112 2295 847
18 816 796
20 2481 595
57 -6733 1684
104 1209 3918
58 3219 1029
53 -6585 1700
54 -6753 1997
51 1324 -1058
79 1183 5893
122 2258 966
38 318 422
123 2091 965
93 2996 1192
8 -1053 1322
101 2985 -338
110 1156 3397
78 5794 164
22 1362 2759
109 1288 2863
28 6610 -395
64 2608 1279
14 1549 2329
19 1153 4200
47 -963 1754
77 6630 -662
90 1246 3992
41 7037 -675
106 10378 -3272
80 10028 -3600
13 336 5088
35 -498 5634
11 558 -3410
114 6536 -396
56 2762 -56
25 1622 2537
66 4479 500
0 6555 -485
99 1210 3903
34 3461 5234
108 1773 1751
118 4130 -65
36 3687 -186
40 -1350 1395
52 3677 1997
76 -88 4893
74 611 1047
67 5628 -73
73 2261 297
100 6461 -143
7 6426 -559
82 10066 -3689
61 -6828 2368
103 517 1508
42 2647 804
86 1060 4303
4 2356 -266
37 2648 551
9 1585 2523
23 6295 -248
29 6555 -440
105 4462 84
1 5645 282
26 3242 153
113 1796 696
115 2610 759
5 2256 1426
102 4444 39
3 4353 -227
70 4019 97
83 -793 5470
39 6944 -691
81 10269 -3629
24 6406 -203
87 9806 -3423
60 3094 -40
***世代 50 適応度 max -406597.0 (15) mean -457021.59 時間 15:47:40.911101
15 6536 -470
12 10176 -3644
88 10064 -3422
31 5590 223
30 7384 320
98 6682 109
120 3411 -440
68 1074 945
48 6282 -1406
97 6720 -217
21 6184 -323
10 1622 2478
59 2877 3092
116 6186 -694
16 3665 541
41 7037 -675
92 2199 1634
69 2518 551
71 2386 1144
33 -722 1725
87 9806 -3423
107 9954 -3497
45 1417 -1162
36 3687 -186
96 6334 -723
100 6461 -143
73 2261 297
119 3167 212
44 5109 250
122 2258 966
63 2646 982
27 5425 -163
89 10102 -3585
82 10066 -3689
117 4186 -169
43 6204 -620
18 816 796
62 2216 1931
91 1475 2314
65 5647 -118
95 2383 1798
50 1384 1868
121 4039 -229
39 6944 -691
17 1474 2477
85 914 -377
6 1678 2463
112 2295 847
111 424 1656
55 3407 287
26 3242 153
70 4019 97
67 5628 -73
58 3219 1029
57 -6733 1684
54 -6753 1997
53 -6585 1700
20 2481 595
49 5331 207
79 1183 5893
83 -793 5470
51 1324 -1058
8 -1053 1322
110 1156 3397
93 2996 1192
38 318 422
101 2985 -338
78 5794 164
9 1585 2523
103 517 1508
109 1288 2863
28 6610 -395
14 1549 2329
47 -963 1754
90 1246 3992
106 10378 -3272
81 10269 -3629
80 10028 -3600
13 336 5088
35 -498 5634
104 1209 3918
46 2054 1113
64 2608 1279
77 6630 -662
4 2356 -266
56 2762 -56
125 4537 -33
66 4479 500
25 1622 2537
108 1773 1751
34 3461 5234
99 1210 3903
76 -88 4893
7 6426 -559
11 558 -3410
118 4130 -65
32 6761 -1018
74 611 1047
40 -1350 1395
52 3677 1997
42 2647 804
75 2093 608
61 -6828 2368
19 1153 4200
86 1060 4303
123 2091 965
113 1796 696
22 1362 2759
84 10065 -3541
72 4224 -376
29 6555 -440
0 6555 -485
105 4462 84
1 5645 282
37 2648 551
115 2610 759
23 6295 -248
2 6556 -826
102 4444 39
3 4353 -227
5 2256 1426
94 6352 -693
114 6536 -396
24 6406 -203
124 4536 84
60 3094 -40
***世代 100 適応度 max -380108.0 (78) mean -439125.72 時間 15:47:47.369972
15 6536 -470
12 10176 -3644
88 10064 -3422
31 5590 223
30 7384 320
98 6682 109
120 3411 -440
48 6282 -1406
68 1074 945
41 7037 -675
59 2877 3092
97 6720 -217
21 6184 -323
16 3665 541
10 1622 2478
92 2199 1634
69 2518 551
71 2386 1144
63 2646 982
107 9954 -3497
124 4536 84
100 6461 -143
87 9806 -3423
36 3687 -186
7 6426 -559
73 2261 297
45 1417 -1162
27 5425 -163
44 5109 250
96 6334 -723
43 6204 -620
116 6186 -694
82 10066 -3689
89 10102 -3585
91 1475 2314
6 1678 2463
62 2216 1931
18 816 796
111 424 1656
122 2258 966
117 4186 -169
55 3407 287
95 2383 1798
119 3167 212
26 3242 153
85 914 -377
17 1474 2477
121 4039 -229
112 2295 847
50 1384 1868
20 2481 595
58 3219 1029
70 4019 97
65 5647 -118
49 5331 207
33 -722 1725
53 -6585 1700
54 -6753 1997
57 -6733 1684
83 -793 5470
51 1324 -1058
38 318 422
39 6944 -691
93 2996 1192
79 1183 5893
8 -1053 1322
101 2985 -338
72 4224 -376
78 5794 164
67 5628 -73
22 1362 2759
19 1153 4200
14 1549 2329
47 -963 1754
13 336 5088
110 1156 3397
109 1288 2863
106 10378 -3272
81 10269 -3629
80 10028 -3600
32 6761 -1018
90 1246 3992
35 -498 5634
46 2054 1113
64 2608 1279
77 6630 -662
114 6536 -396
66 4479 500
25 1622 2537
118 4130 -65
108 1773 1751
34 3461 5234
125 4537 -33
99 1210 3903
56 2762 -56
74 611 1047
61 -6828 2368
40 -1350 1395
42 2647 804
86 1060 4303
11 558 -3410
75 2093 608
103 517 1508
104 1209 3918
76 -88 4893
52 3677 1997
123 2091 965
37 2648 551
9 1585 2523
84 10065 -3541
4 2356 -266
29 6555 -440
23 6295 -248
1 5645 282
105 4462 84
0 6555 -485
2 6556 -826
115 2610 759
5 2256 1426
113 1796 696
102 4444 39
3 4353 -227
94 6352 -693
28 6610 -395
24 6406 -203
60 3094 -40
***世代 150 適応度 max -333655.0 (59) mean -359544.15 時間 15:47:54.270439
15 6536 -470
12 10176 -3644
88 10064 -3422
31 5590 223
30 7384 320
98 6682 109
48 6282 -1406
120 3411 -440
68 1074 945
59 2877 3092
97 6720 -217
41 7037 -675
21 6184 -323
16 3665 541
10 1622 2478
71 2386 1144
92 2199 1634
69 2518 551
63 2646 982
124 4536 84
100 6461 -143
87 9806 -3423
7 6426 -559
107 9954 -3497
36 3687 -186
27 5425 -163
55 3407 287
73 2261 297
45 1417 -1162
44 5109 250
43 6204 -620
116 6186 -694
82 10066 -3689
89 10102 -3585
96 6334 -723
91 1475 2314
62 2216 1931
18 816 796
6 1678 2463
122 2258 966
95 2383 1798
119 3167 212
117 4186 -169
17 1474 2477
26 3242 153
85 914 -377
112 2295 847
121 4039 -229
20 2481 595
50 1384 1868
58 3219 1029
70 4019 97
65 5647 -118
49 5331 207
33 -722 1725
57 -6733 1684
53 -6585 1700
54 -6753 1997
111 424 1656
47 -963 1754
38 318 422
83 -793 5470
79 1183 5893
93 2996 1192
8 -1053 1322
101 2985 -338
72 4224 -376
78 5794 164
67 5628 -73
39 6944 -691
22 1362 2759
19 1153 4200
14 1549 2329
51 1324 -1058
13 336 5088
110 1156 3397
109 1288 2863
106 10378 -3272
80 10028 -3600
81 10269 -3629
32 6761 -1018
90 1246 3992
35 -498 5634
46 2054 1113
64 2608 1279
77 6630 -662
114 6536 -396
66 4479 500
118 4130 -65
25 1622 2537
108 1773 1751
34 3461 5234
99 1210 3903
125 4537 -33
56 2762 -56
74 611 1047
40 -1350 1395
61 -6828 2368
104 1209 3918
76 -88 4893
86 1060 4303
11 558 -3410
103 517 1508
75 2093 608
123 2091 965
37 2648 551
42 2647 804
52 3677 1997
4 2356 -266
9 1585 2523
84 10065 -3541
23 6295 -248
29 6555 -440
1 5645 282
105 4462 84
0 6555 -485
2 6556 -826
115 2610 759
5 2256 1426
113 1796 696
102 4444 39
3 4353 -227
94 6352 -693
28 6610 -395
24 6406 -203
60 3094 -40
***世代 200 適応度 max -306513.0 (12) mean -322607.37 時間 15:48:02.646294
15 6536 -470
12 10176 -3644
88 10064 -3422
31 5590 223
30 7384 320
98 6682 109
48 6282 -1406
120 3411 -440
68 1074 945
59 2877 3092
97 6720 -217
41 7037 -675
21 6184 -323
36 3687 -186
16 3665 541
10 1622 2478
17 1474 2477
71 2386 1144
69 2518 551
63 2646 982
124 4536 84
100 6461 -143
87 9806 -3423
107 9954 -3497
7 6426 -559
27 5425 -163
55 3407 287
73 2261 297
45 1417 -1162
44 5109 250
43 6204 -620
116 6186 -694
82 10066 -3689
89 10102 -3585
96 6334 -723
62 2216 1931
18 816 796
91 1475 2314
6 1678 2463
122 2258 966
95 2383 1798
119 3167 212
117 4186 -169
26 3242 153
92 2199 1634
85 914 -377
112 2295 847
50 1384 1868
20 2481 595
121 4039 -229
58 3219 1029
70 4019 97
65 5647 -118
49 5331 207
33 -722 1725
57 -6733 1684
53 -6585 1700
54 -6753 1997
111 424 1656
47 -963 1754
83 -793 5470
79 1183 5893
93 2996 1192
8 -1053 1322
101 2985 -338
72 4224 -376
39 6944 -691
78 5794 164
67 5628 -73
22 1362 2759
19 1153 4200
14 1549 2329
38 318 422
51 1324 -1058
13 336 5088
110 1156 3397
109 1288 2863
106 10378 -3272
80 10028 -3600
81 10269 -3629
32 6761 -1018
90 1246 3992
35 -498 5634
46 2054 1113
64 2608 1279
77 6630 -662
114 6536 -396
66 4479 500
118 4130 -65
108 1773 1751
99 1210 3903
25 1622 2537
34 3461 5234
125 4537 -33
56 2762 -56
74 611 1047
40 -1350 1395
61 -6828 2368
86 1060 4303
76 -88 4893
104 1209 3918
103 517 1508
11 558 -3410
75 2093 608
42 2647 804
37 2648 551
4 2356 -266
52 3677 1997
9 1585 2523
123 2091 965
84 10065 -3541
23 6295 -248
29 6555 -440
1 5645 282
105 4462 84
0 6555 -485
2 6556 -826
115 2610 759
5 2256 1426
113 1796 696
102 4444 39
3 4353 -227
94 6352 -693
28 6610 -395
24 6406 -203
60 3094 -40
***世代 250 適応度 max -301474.0 (16) mean -327836.22 時間 15:48:11.190839
15 6536 -470
12 10176 -3644
88 10064 -3422
31 5590 223
30 7384 320
98 6682 109
48 6282 -1406
120 3411 -440
68 1074 945
59 2877 3092
97 6720 -217
41 7037 -675
21 6184 -323
36 3687 -186
16 3665 541
10 1622 2478
17 1474 2477
71 2386 1144
92 2199 1634
69 2518 551
63 2646 982
124 4536 84
100 6461 -143
87 9806 -3423
107 9954 -3497
7 6426 -559
27 5425 -163
55 3407 287
73 2261 297
45 1417 -1162
44 5109 250
43 6204 -620
116 6186 -694
82 10066 -3689
89 10102 -3585
96 6334 -723
18 816 796
91 1475 2314
6 1678 2463
62 2216 1931
122 2258 966
95 2383 1798
119 3167 212
117 4186 -169
26 3242 153
85 914 -377
112 2295 847
50 1384 1868
20 2481 595
121 4039 -229
58 3219 1029
70 4019 97
65 5647 -118
49 5331 207
33 -722 1725
57 -6733 1684
53 -6585 1700
54 -6753 1997
111 424 1656
47 -963 1754
83 -793 5470
79 1183 5893
93 2996 1192
8 -1053 1322
101 2985 -338
72 4224 -376
39 6944 -691
78 5794 164
67 5628 -73
22 1362 2759
19 1153 4200
14 1549 2329
38 318 422
51 1324 -1058
13 336 5088
110 1156 3397
109 1288 2863
106 10378 -3272
80 10028 -3600
81 10269 -3629
1 5645 282
90 1246 3992
35 -498 5634
46 2054 1113
64 2608 1279
77 6630 -662
114 6536 -396
66 4479 500
118 4130 -65
108 1773 1751
25 1622 2537
34 3461 5234
99 1210 3903
125 4537 -33
56 2762 -56
74 611 1047
40 -1350 1395
61 -6828 2368
86 1060 4303
76 -88 4893
104 1209 3918
103 517 1508
11 558 -3410
75 2093 608
42 2647 804
37 2648 551
4 2356 -266
123 2091 965
9 1585 2523
52 3677 1997
0 6555 -485
23 6295 -248
29 6555 -440
105 4462 84
32 6761 -1018
84 10065 -3541
2 6556 -826
115 2610 759
5 2256 1426
113 1796 696
102 4444 39
3 4353 -227
94 6352 -693
28 6610 -395
24 6406 -203
60 3094 -40
***世代 300 適応度 max -293076.0 (68) mean -332168.68 時間 15:48:20.068664
15 6536 -470
12 10176 -3644
88 10064 -3422
31 5590 223
30 7384 320
98 6682 109
48 6282 -1406
120 3411 -440
68 1074 945
59 2877 3092
97 6720 -217
41 7037 -675
21 6184 -323
36 3687 -186
16 3665 541
10 1622 2478
17 1474 2477
91 1475 2314
18 816 796
96 6334 -723
82 10066 -3689
89 10102 -3585
43 6204 -620
116 6186 -694
44 5109 250
45 1417 -1162
73 2261 297
55 3407 287
27 5425 -163
7 6426 -559
107 9954 -3497
87 9806 -3423
100 6461 -143
124 4536 84
63 2646 982
69 2518 551
71 2386 1144
92 2199 1634
62 2216 1931
6 1678 2463
122 2258 966
95 2383 1798
26 3242 153
117 4186 -169
119 3167 212
85 914 -377
112 2295 847
50 1384 1868
20 2481 595
58 3219 1029
70 4019 97
121 4039 -229
65 5647 -118
49 5331 207
33 -722 1725
57 -6733 1684
53 -6585 1700
54 -6753 1997
111 424 1656
47 -963 1754
83 -793 5470
79 1183 5893
19 1153 4200
8 -1053 1322
101 2985 -338
72 4224 -376
39 6944 -691
78 5794 164
67 5628 -73
22 1362 2759
93 2996 1192
14 1549 2329
38 318 422
51 1324 -1058
13 336 5088
110 1156 3397
109 1288 2863
106 10378 -3272
80 10028 -3600
81 10269 -3629
1 5645 282
90 1246 3992
35 -498 5634
46 2054 1113
64 2608 1279
77 6630 -662
114 6536 -396
66 4479 500
118 4130 -65
108 1773 1751
99 1210 3903
34 3461 5234
25 1622 2537
125 4537 -33
56 2762 -56
74 611 1047
40 -1350 1395
61 -6828 2368
76 -88 4893
104 1209 3918
86 1060 4303
103 517 1508
11 558 -3410
75 2093 608
4 2356 -266
37 2648 551
42 2647 804
123 2091 965
9 1585 2523
52 3677 1997
0 6555 -485
23 6295 -248
105 4462 84
29 6555 -440
32 6761 -1018
84 10065 -3541
2 6556 -826
115 2610 759
5 2256 1426
113 1796 696
102 4444 39
3 4353 -227
94 6352 -693
28 6610 -395
24 6406 -203
60 3094 -40
***世代 350 適応度 max -292149.0 (4) mean -333892.04 時間 15:48:28.494716
15 6536 -470
12 10176 -3644
88 10064 -3422
31 5590 223
30 7384 320
98 6682 109
48 6282 -1406
120 3411 -440
68 1074 945
59 2877 3092
97 6720 -217
41 7037 -675
21 6184 -323
36 3687 -186
16 3665 541
10 1622 2478
17 1474 2477
91 1475 2314
18 816 796
96 6334 -723
82 10066 -3689
89 10102 -3585
100 6461 -143
116 6186 -694
44 5109 250
45 1417 -1162
73 2261 297
55 3407 287
27 5425 -163
7 6426 -559
107 9954 -3497
87 9806 -3423
43 6204 -620
124 4536 84
63 2646 982
122 2258 966
69 2518 551
71 2386 1144
92 2199 1634
6 1678 2463
62 2216 1931
95 2383 1798
26 3242 153
117 4186 -169
119 3167 212
85 914 -377
112 2295 847
50 1384 1868
20 2481 595
58 3219 1029
70 4019 97
121 4039 -229
65 5647 -118
49 5331 207
33 -722 1725
57 -6733 1684
53 -6585 1700
54 -6753 1997
111 424 1656
47 -963 1754
83 -793 5470
79 1183 5893
19 1153 4200
8 -1053 1322
101 2985 -338
72 4224 -376
39 6944 -691
78 5794 164
67 5628 -73
22 1362 2759
93 2996 1192
14 1549 2329
38 318 422
51 1324 -1058
13 336 5088
110 1156 3397
109 1288 2863
106 10378 -3272
80 10028 -3600
81 10269 -3629
1 5645 282
90 1246 3992
35 -498 5634
46 2054 1113
64 2608 1279
77 6630 -662
114 6536 -396
66 4479 500
118 4130 -65
108 1773 1751
99 1210 3903
34 3461 5234
25 1622 2537
125 4537 -33
56 2762 -56
74 611 1047
40 -1350 1395
61 -6828 2368
76 -88 4893
104 1209 3918
86 1060 4303
103 517 1508
11 558 -3410
75 2093 608
4 2356 -266
37 2648 551
42 2647 804
123 2091 965
9 1585 2523
52 3677 1997
0 6555 -485
29 6555 -440
23 6295 -248
105 4462 84
32 6761 -1018
84 10065 -3541
2 6556 -826
115 2610 759
5 2256 1426
113 1796 696
102 4444 39
3 4353 -227
94 6352 -693
28 6610 -395
24 6406 -203
60 3094 -40
***世代 400 適応度 max -288299.0 (51) mean -312453.82 時間 15:48:37.966636
15 6536 -470
12 10176 -3644
88 10064 -3422
31 5590 223
30 7384 320
98 6682 109
48 6282 -1406
120 3411 -440
68 1074 945
59 2877 3092
97 6720 -217
41 7037 -675
21 6184 -323
36 3687 -186
16 3665 541
10 1622 2478
17 1474 2477
91 1475 2314
18 816 796
45 1417 -1162
82 10066 -3689
89 10102 -3585
96 6334 -723
100 6461 -143
116 6186 -694
44 5109 250
73 2261 297
55 3407 287
27 5425 -163
7 6426 -559
43 6204 -620
87 9806 -3423
107 9954 -3497
124 4536 84
63 2646 982
122 2258 966
92 2199 1634
69 2518 551
71 2386 1144
6 1678 2463
62 2216 1931
95 2383 1798
26 3242 153
117 4186 -169
119 3167 212
85 914 -377
112 2295 847
50 1384 1868
20 2481 595
58 3219 1029
70 4019 97
121 4039 -229
65 5647 -118
49 5331 207
33 -722 1725
57 -6733 1684
53 -6585 1700
54 -6753 1997
111 424 1656
47 -963 1754
83 -793 5470
79 1183 5893
19 1153 4200
8 -1053 1322
101 2985 -338
72 4224 -376
39 6944 -691
78 5794 164
67 5628 -73
93 2996 1192
22 1362 2759
14 1549 2329
38 318 422
51 1324 -1058
13 336 5088
110 1156 3397
109 1288 2863
106 10378 -3272
80 10028 -3600
81 10269 -3629
1 5645 282
90 1246 3992
35 -498 5634
46 2054 1113
64 2608 1279
77 6630 -662
114 6536 -396
66 4479 500
118 4130 -65
108 1773 1751
99 1210 3903
34 3461 5234
25 1622 2537
125 4537 -33
56 2762 -56
74 611 1047
40 -1350 1395
61 -6828 2368
76 -88 4893
104 1209 3918
86 1060 4303
103 517 1508
11 558 -3410
75 2093 608
4 2356 -266
37 2648 551
42 2647 804
123 2091 965
9 1585 2523
52 3677 1997
0 6555 -485
29 6555 -440
23 6295 -248
105 4462 84
32 6761 -1018
84 10065 -3541
2 6556 -826
115 2610 759
5 2256 1426
113 1796 696
102 4444 39
3 4353 -227
94 6352 -693
28 6610 -395
24 6406 -203
60 3094 -40
***世代 450 適応度 max -280152.0 (39) mean -310726.69 時間 15:48:46.896284
15 6536 -470
12 10176 -3644
88 10064 -3422
31 5590 223
30 7384 320
98 6682 109
48 6282 -1406
44 5109 250
116 6186 -694
100 6461 -143
96 6334 -723
89 10102 -3585
82 10066 -3689
45 1417 -1162
18 816 796
91 1475 2314
17 1474 2477
10 1622 2478
16 3665 541
36 3687 -186
21 6184 -323
41 7037 -675
97 6720 -217
59 2877 3092
68 1074 945
120 3411 -440
73 2261 297
55 3407 287
27 5425 -163
7 6426 -559
43 6204 -620
87 9806 -3423
107 9954 -3497
124 4536 84
63 2646 982
122 2258 966
69 2518 551
71 2386 1144
92 2199 1634
6 1678 2463
62 2216 1931
95 2383 1798
26 3242 153
117 4186 -169
119 3167 212
85 914 -377
112 2295 847
50 1384 1868
20 2481 595
58 3219 1029
70 4019 97
121 4039 -229
65 5647 -118
49 5331 207
33 -722 1725
57 -6733 1684
53 -6585 1700
54 -6753 1997
111 424 1656
47 -963 1754
83 -793 5470
79 1183 5893
19 1153 4200
8 -1053 1322
101 2985 -338
72 4224 -376
39 6944 -691
78 5794 164
67 5628 -73
93 2996 1192
125 4537 -33
56 2762 -56
51 1324 -1058
38 318 422
109 1288 2863
110 1156 3397
13 336 5088
106 10378 -3272
80 10028 -3600
81 10269 -3629
1 5645 282
90 1246 3992
35 -498 5634
46 2054 1113
64 2608 1279
77 6630 -662
114 6536 -396
66 4479 500
118 4130 -65
108 1773 1751
99 1210 3903
34 3461 5234
25 1622 2537
14 1549 2329
74 611 1047
22 1362 2759
40 -1350 1395
61 -6828 2368
76 -88 4893
104 1209 3918
86 1060 4303
103 517 1508
11 558 -3410
75 2093 608
4 2356 -266
37 2648 551
42 2647 804
123 2091 965
9 1585 2523
52 3677 1997
0 6555 -485
29 6555 -440
23 6295 -248
105 4462 84
32 6761 -1018
84 10065 -3541
2 6556 -826
115 2610 759
5 2256 1426
113 1796 696
102 4444 39
3 4353 -227
94 6352 -693
28 6610 -395
24 6406 -203
60 3094 -40
***世代 500 適応度 max -280152.0 (5) mean -314100.34 時間 15:48:54.506444
15 6536 -470
12 10176 -3644
88 10064 -3422
31 5590 223
30 7384 320
98 6682 109
48 6282 -1406
44 5109 250
116 6186 -694
100 6461 -143
96 6334 -723
89 10102 -3585
82 10066 -3689
45 1417 -1162
18 816 796
91 1475 2314
17 1474 2477
10 1622 2478
16 3665 541
36 3687 -186
21 6184 -323
41 7037 -675
97 6720 -217
59 2877 3092
68 1074 945
120 3411 -440
73 2261 297
55 3407 287
27 5425 -163
7 6426 -559
43 6204 -620
87 9806 -3423
107 9954 -3497
124 4536 84
63 2646 982
122 2258 966
69 2518 551
71 2386 1144
92 2199 1634
6 1678 2463
62 2216 1931
95 2383 1798
26 3242 153
117 4186 -169
119 3167 212
85 914 -377
112 2295 847
50 1384 1868
20 2481 595
58 3219 1029
70 4019 97
121 4039 -229
65 5647 -118
49 5331 207
33 -722 1725
57 -6733 1684
53 -6585 1700
54 -6753 1997
111 424 1656
47 -963 1754
83 -793 5470
79 1183 5893
19 1153 4200
8 -1053 1322
101 2985 -338
72 4224 -376
39 6944 -691
78 5794 164
67 5628 -73
93 2996 1192
125 4537 -33
56 2762 -56
51 1324 -1058
38 318 422
109 1288 2863
110 1156 3397
13 336 5088
106 10378 -3272
80 10028 -3600
81 10269 -3629
1 5645 282
90 1246 3992
35 -498 5634
46 2054 1113
64 2608 1279
77 6630 -662
114 6536 -396
66 4479 500
118 4130 -65
108 1773 1751
99 1210 3903
34 3461 5234
25 1622 2537
14 1549 2329
74 611 1047
22 1362 2759
40 -1350 1395
61 -6828 2368
76 -88 4893
104 1209 3918
86 1060 4303
103 517 1508
11 558 -3410
75 2093 608
4 2356 -266
37 2648 551
42 2647 804
123 2091 965
9 1585 2523
52 3677 1997
0 6555 -485
29 6555 -440
23 6295 -248
105 4462 84
32 6761 -1018
84 10065 -3541
2 6556 -826
115 2610 759
5 2256 1426
113 1796 696
102 4444 39
3 4353 -227
94 6352 -693
28 6610 -395
24 6406 -203
60 3094 -40
***世代 550 適応度 max -276239.0 (51) mean -299359.62 時間 15:49:01.816088
15 6536 -470
12 10176 -3644
88 10064 -3422
31 5590 223
30 7384 320
98 6682 109
48 6282 -1406
116 6186 -694
100 6461 -143
89 10102 -3585
82 10066 -3689
45 1417 -1162
18 816 796
91 1475 2314
17 1474 2477
10 1622 2478
16 3665 541
36 3687 -186
41 7037 -675
97 6720 -217
96 6334 -723
21 6184 -323
59 2877 3092
68 1074 945
120 3411 -440
73 2261 297
55 3407 287
44 5109 250
27 5425 -163
7 6426 -559
43 6204 -620
87 9806 -3423
107 9954 -3497
124 4536 84
63 2646 982
122 2258 966
69 2518 551
71 2386 1144
92 2199 1634
6 1678 2463
62 2216 1931
95 2383 1798
26 3242 153
117 4186 -169
125 4537 -33
119 3167 212
85 914 -377
50 1384 1868
112 2295 847
20 2481 595
58 3219 1029
70 4019 97
121 4039 -229
65 5647 -118
49 5331 207
33 -722 1725
57 -6733 1684
53 -6585 1700
54 -6753 1997
111 424 1656
47 -963 1754
83 -793 5470
79 1183 5893
19 1153 4200
8 -1053 1322
101 2985 -338
72 4224 -376
39 6944 -691
78 5794 164
67 5628 -73
56 2762 -56
93 2996 1192
51 1324 -1058
38 318 422
109 1288 2863
110 1156 3397
13 336 5088
106 10378 -3272
80 10028 -3600
81 10269 -3629
1 5645 282
90 1246 3992
35 -498 5634
46 2054 1113
64 2608 1279
77 6630 -662
114 6536 -396
66 4479 500
118 4130 -65
108 1773 1751
99 1210 3903
34 3461 5234
25 1622 2537
14 1549 2329
74 611 1047
22 1362 2759
40 -1350 1395
61 -6828 2368
76 -88 4893
104 1209 3918
86 1060 4303
103 517 1508
11 558 -3410
75 2093 608
4 2356 -266
37 2648 551
42 2647 804
123 2091 965
9 1585 2523
52 3677 1997
0 6555 -485
29 6555 -440
23 6295 -248
105 4462 84
32 6761 -1018
84 10065 -3541
2 6556 -826
115 2610 759
5 2256 1426
113 1796 696
102 4444 39
3 4353 -227
94 6352 -693
28 6610 -395
24 6406 -203
60 3094 -40
***世代 600 適応度 max -274387.0 (10) mean -290150.04 時間 15:49:09.379822
15 6536 -470
12 10176 -3644
88 10064 -3422
31 5590 223
30 7384 320
98 6682 109
48 6282 -1406
116 6186 -694
100 6461 -143
82 10066 -3689
89 10102 -3585
45 1417 -1162
18 816 796
91 1475 2314
17 1474 2477
10 1622 2478
16 3665 541
21 6184 -323
97 6720 -217
41 7037 -675
96 6334 -723
36 3687 -186
73 2261 297
68 1074 945
59 2877 3092
55 3407 287
120 3411 -440
44 5109 250
27 5425 -163
7 6426 -559
43 6204 -620
87 9806 -3423
107 9954 -3497
124 4536 84
63 2646 982
122 2258 966
69 2518 551
71 2386 1144
92 2199 1634
6 1678 2463
62 2216 1931
95 2383 1798
26 3242 153
117 4186 -169
125 4537 -33
119 3167 212
112 2295 847
50 1384 1868
85 914 -377
20 2481 595
58 3219 1029
70 4019 97
121 4039 -229
65 5647 -118
49 5331 207
33 -722 1725
57 -6733 1684
53 -6585 1700
54 -6753 1997
111 424 1656
47 -963 1754
83 -793 5470
79 1183 5893
19 1153 4200
8 -1053 1322
101 2985 -338
72 4224 -376
39 6944 -691
78 5794 164
67 5628 -73
56 2762 -56
93 2996 1192
51 1324 -1058
38 318 422
109 1288 2863
110 1156 3397
13 336 5088
106 10378 -3272
80 10028 -3600
81 10269 -3629
1 5645 282
90 1246 3992
25 1622 2537
46 2054 1113
64 2608 1279
77 6630 -662
114 6536 -396
66 4479 500
118 4130 -65
108 1773 1751
99 1210 3903
34 3461 5234
35 -498 5634
14 1549 2329
74 611 1047
22 1362 2759
40 -1350 1395
61 -6828 2368
76 -88 4893
104 1209 3918
86 1060 4303
103 517 1508
11 558 -3410
75 2093 608
4 2356 -266
37 2648 551
42 2647 804
123 2091 965
9 1585 2523
52 3677 1997
0 6555 -485
29 6555 -440
23 6295 -248
105 4462 84
32 6761 -1018
84 10065 -3541
2 6556 -826
115 2610 759
5 2256 1426
113 1796 696
102 4444 39
3 4353 -227
94 6352 -693
28 6610 -395
24 6406 -203
60 3094 -40
***世代 650 適応度 max -262152.0 (27) mean -279602.26 時間 15:49:17.216051
15 6536 -470
12 10176 -3644
88 10064 -3422
31 5590 223
30 7384 320
98 6682 109
48 6282 -1406
116 6186 -694
100 6461 -143
82 10066 -3689
89 10102 -3585
45 1417 -1162
18 816 796
17 1474 2477
91 1475 2314
10 1622 2478
16 3665 541
21 6184 -323
97 6720 -217
41 7037 -675
96 6334 -723
36 3687 -186
73 2261 297
68 1074 945
59 2877 3092
55 3407 287
120 3411 -440
44 5109 250
27 5425 -163
7 6426 -559
43 6204 -620
87 9806 -3423
107 9954 -3497
124 4536 84
63 2646 982
122 2258 966
69 2518 551
71 2386 1144
92 2199 1634
6 1678 2463
62 2216 1931
95 2383 1798
117 4186 -169
125 4537 -33
119 3167 212
26 3242 153
85 914 -377
50 1384 1868
112 2295 847
20 2481 595
58 3219 1029
70 4019 97
121 4039 -229
65 5647 -118
49 5331 207
33 -722 1725
57 -6733 1684
53 -6585 1700
54 -6753 1997
61 -6828 2368
40 -1350 1395
83 -793 5470
79 1183 5893
19 1153 4200
8 -1053 1322
101 2985 -338
72 4224 -376
39 6944 -691
78 5794 164
67 5628 -73
118 4130 -65
56 2762 -56
93 2996 1192
51 1324 -1058
38 318 422
109 1288 2863
110 1156 3397
106 10378 -3272
80 10028 -3600
81 10269 -3629
1 5645 282
13 336 5088
90 1246 3992
35 -498 5634
46 2054 1113
77 6630 -662
114 6536 -396
66 4479 500
64 2608 1279
108 1773 1751
99 1210 3903
34 3461 5234
25 1622 2537
14 1549 2329
74 611 1047
22 1362 2759
47 -963 1754
111 424 1656
76 -88 4893
104 1209 3918
86 1060 4303
103 517 1508
11 558 -3410
75 2093 608
4 2356 -266
37 2648 551
42 2647 804
123 2091 965
9 1585 2523
52 3677 1997
0 6555 -485
29 6555 -440
23 6295 -248
105 4462 84
32 6761 -1018
84 10065 -3541
2 6556 -826
115 2610 759
5 2256 1426
113 1796 696
102 4444 39
3 4353 -227
94 6352 -693
28 6610 -395
24 6406 -203
60 3094 -40
***世代 700 適応度 max -259148.0 (68) mean -278020.04 時間 15:49:25.643308
15 6536 -470
12 10176 -3644
88 10064 -3422
31 5590 223
30 7384 320
98 6682 109
48 6282 -1406
116 6186 -694
100 6461 -143
82 10066 -3689
89 10102 -3585
45 1417 -1162
18 816 796
17 1474 2477
91 1475 2314
10 1622 2478
16 3665 541
21 6184 -323
97 6720 -217
41 7037 -675
96 6334 -723
36 3687 -186
73 2261 297
68 1074 945
59 2877 3092
55 3407 287
120 3411 -440
44 5109 250
27 5425 -163
7 6426 -559
43 6204 -620
87 9806 -3423
107 9954 -3497
124 4536 84
63 2646 982
122 2258 966
69 2518 551
71 2386 1144
92 2199 1634
6 1678 2463
62 2216 1931
95 2383 1798
117 4186 -169
125 4537 -33
119 3167 212
26 3242 153
85 914 -377
50 1384 1868
112 2295 847
20 2481 595
58 3219 1029
70 4019 97
121 4039 -229
65 5647 -118
49 5331 207
33 -722 1725
57 -6733 1684
53 -6585 1700
54 -6753 1997
61 -6828 2368
40 -1350 1395
83 -793 5470
79 1183 5893
19 1153 4200
8 -1053 1322
101 2985 -338
72 4224 -376
39 6944 -691
78 5794 164
67 5628 -73
118 4130 -65
56 2762 -56
93 2996 1192
51 1324 -1058
38 318 422
109 1288 2863
110 1156 3397
106 10378 -3272
81 10269 -3629
80 10028 -3600
1 5645 282
90 1246 3992
35 -498 5634
13 336 5088
46 2054 1113
77 6630 -662
114 6536 -396
66 4479 500
64 2608 1279
108 1773 1751
99 1210 3903
34 3461 5234
25 1622 2537
14 1549 2329
74 611 1047
22 1362 2759
47 -963 1754
111 424 1656
76 -88 4893
104 1209 3918
86 1060 4303
103 517 1508
11 558 -3410
75 2093 608
4 2356 -266
37 2648 551
42 2647 804
123 2091 965
9 1585 2523
52 3677 1997
0 6555 -485
29 6555 -440
23 6295 -248
105 4462 84
32 6761 -1018
84 10065 -3541
2 6556 -826
115 2610 759
5 2256 1426
113 1796 696
102 4444 39
3 4353 -227
94 6352 -693
28 6610 -395
24 6406 -203
60 3094 -40
***世代 750 適応度 max -252775.0 (81) mean -266710.96 時間 15:49:34.438312
15 6536 -470
12 10176 -3644
88 10064 -3422
31 5590 223
30 7384 320
98 6682 109
48 6282 -1406
116 6186 -694
100 6461 -143
82 10066 -3689
89 10102 -3585
45 1417 -1162
18 816 796
17 1474 2477
91 1475 2314
10 1622 2478
16 3665 541
21 6184 -323
97 6720 -217
41 7037 -675
96 6334 -723
36 3687 -186
120 3411 -440
68 1074 945
73 2261 297
119 3167 212
55 3407 287
44 5109 250
27 5425 -163
7 6426 -559
87 9806 -3423
107 9954 -3497
43 6204 -620
124 4536 84
63 2646 982
122 2258 966
69 2518 551
71 2386 1144
92 2199 1634
6 1678 2463
62 2216 1931
95 2383 1798
59 2877 3092
117 4186 -169
125 4537 -33
26 3242 153
85 914 -377
50 1384 1868
112 2295 847
20 2481 595
58 3219 1029
70 4019 97
121 4039 -229
65 5647 -118
49 5331 207
33 -722 1725
57 -6733 1684
53 -6585 1700
54 -6753 1997
61 -6828 2368
40 -1350 1395
83 -793 5470
79 1183 5893
19 1153 4200
8 -1053 1322
101 2985 -338
72 4224 -376
39 6944 -691
78 5794 164
67 5628 -73
118 4130 -65
56 2762 -56
93 2996 1192
51 1324 -1058
38 318 422
109 1288 2863
110 1156 3397
106 10378 -3272
80 10028 -3600
81 10269 -3629
1 5645 282
90 1246 3992
35 -498 5634
13 336 5088
46 2054 1113
105 4462 84
114 6536 -396
66 4479 500
64 2608 1279
108 1773 1751
99 1210 3903
34 3461 5234
25 1622 2537
14 1549 2329
74 611 1047
22 1362 2759
47 -963 1754
111 424 1656
76 -88 4893
104 1209 3918
86 1060 4303
103 517 1508
11 558 -3410
4 2356 -266
37 2648 551
75 2093 608
42 2647 804
123 2091 965
9 1585 2523
52 3677 1997
0 6555 -485
29 6555 -440
23 6295 -248
77 6630 -662
32 6761 -1018
84 10065 -3541
2 6556 -826
115 2610 759
5 2256 1426
113 1796 696
102 4444 39
3 4353 -227
94 6352 -693
28 6610 -395
24 6406 -203
60 3094 -40
***世代 800 適応度 max -251146.0 (32) mean -261303.46 時間 15:49:44.410302
15 6536 -470
12 10176 -3644
88 10064 -3422
31 5590 223
30 7384 320
98 6682 109
48 6282 -1406
116 6186 -694
100 6461 -143
82 10066 -3689
89 10102 -3585
45 1417 -1162
18 816 796
17 1474 2477
91 1475 2314
10 1622 2478
16 3665 541
21 6184 -323
97 6720 -217
41 7037 -675
96 6334 -723
36 3687 -186
120 3411 -440
1 5645 282
80 10028 -3600
106 10378 -3272
81 10269 -3629
110 1156 3397
109 1288 2863
38 318 422
51 1324 -1058
93 2996 1192
56 2762 -56
118 4130 -65
67 5628 -73
78 5794 164
39 6944 -691
72 4224 -376
101 2985 -338
8 -1053 1322
19 1153 4200
79 1183 5893
83 -793 5470
40 -1350 1395
61 -6828 2368
54 -6753 1997
53 -6585 1700
57 -6733 1684
33 -722 1725
49 5331 207
65 5647 -118
121 4039 -229
70 4019 97
58 3219 1029
20 2481 595
112 2295 847
50 1384 1868
85 914 -377
26 3242 153
125 4537 -33
117 4186 -169
6 1678 2463
59 2877 3092
95 2383 1798
62 2216 1931
71 2386 1144
92 2199 1634
69 2518 551
122 2258 966
63 2646 982
124 4536 84
107 9954 -3497
87 9806 -3423
43 6204 -620
7 6426 -559
27 5425 -163
44 5109 250
55 3407 287
119 3167 212
73 2261 297
68 1074 945
90 1246 3992
35 -498 5634
13 336 5088
46 2054 1113
105 4462 84
114 6536 -396
66 4479 500
64 2608 1279
108 1773 1751
99 1210 3903
34 3461 5234
25 1622 2537
14 1549 2329
74 611 1047
22 1362 2759
47 -963 1754
111 424 1656
76 -88 4893
104 1209 3918
86 1060 4303
103 517 1508
11 558 -3410
4 2356 -266
37 2648 551
75 2093 608
42 2647 804
123 2091 965
9 1585 2523
52 3677 1997
0 6555 -485
29 6555 -440
23 6295 -248
77 6630 -662
32 6761 -1018
84 10065 -3541
2 6556 -826
115 2610 759
5 2256 1426
113 1796 696
102 4444 39
3 4353 -227
94 6352 -693
28 6610 -395
24 6406 -203
60 3094 -40
***世代 850 適応度 max -251146.0 (32) mean -293527.71 時間 15:49:54.577276
15 6536 -470
12 10176 -3644
88 10064 -3422
31 5590 223
30 7384 320
98 6682 109
48 6282 -1406
116 6186 -694
100 6461 -143
82 10066 -3689
89 10102 -3585
45 1417 -1162
18 816 796
17 1474 2477
91 1475 2314
10 1622 2478
16 3665 541
21 6184 -323
97 6720 -217
41 7037 -675
96 6334 -723
36 3687 -186
120 3411 -440
1 5645 282
80 10028 -3600
106 10378 -3272
81 10269 -3629
110 1156 3397
109 1288 2863
38 318 422
51 1324 -1058
93 2996 1192
56 2762 -56
118 4130 -65
67 5628 -73
78 5794 164
39 6944 -691
72 4224 -376
101 2985 -338
8 -1053 1322
19 1153 4200
79 1183 5893
83 -793 5470
40 -1350 1395
61 -6828 2368
54 -6753 1997
53 -6585 1700
57 -6733 1684
33 -722 1725
49 5331 207
65 5647 -118
121 4039 -229
70 4019 97
58 3219 1029
20 2481 595
112 2295 847
50 1384 1868
85 914 -377
26 3242 153
125 4537 -33
117 4186 -169
6 1678 2463
59 2877 3092
95 2383 1798
62 2216 1931
71 2386 1144
92 2199 1634
69 2518 551
122 2258 966
63 2646 982
124 4536 84
107 9954 -3497
87 9806 -3423
43 6204 -620
7 6426 -559
27 5425 -163
44 5109 250
55 3407 287
119 3167 212
73 2261 297
68 1074 945
90 1246 3992
35 -498 5634
13 336 5088
46 2054 1113
105 4462 84
114 6536 -396
66 4479 500
64 2608 1279
108 1773 1751
99 1210 3903
34 3461 5234
25 1622 2537
14 1549 2329
74 611 1047
22 1362 2759
47 -963 1754
111 424 1656
76 -88 4893
104 1209 3918
86 1060 4303
103 517 1508
11 558 -3410
4 2356 -266
37 2648 551
75 2093 608
42 2647 804
123 2091 965
9 1585 2523
52 3677 1997
0 6555 -485
29 6555 -440
23 6295 -248
77 6630 -662
32 6761 -1018
84 10065 -3541
2 6556 -826
115 2610 759
5 2256 1426
113 1796 696
102 4444 39
3 4353 -227
94 6352 -693
28 6610 -395
24 6406 -203
60 3094 -40
***世代 900 適応度 max -251146.0 (32) mean -295974.19 時間 15:50:04.775036
15 6536 -470
12 10176 -3644
88 10064 -3422
31 5590 223
30 7384 320
98 6682 109
48 6282 -1406
116 6186 -694
100 6461 -143
82 10066 -3689
89 10102 -3585
45 1417 -1162
18 816 796
17 1474 2477
91 1475 2314
10 1622 2478
16 3665 541
21 6184 -323
97 6720 -217
41 7037 -675
96 6334 -723
36 3687 -186
120 3411 -440
1 5645 282
80 10028 -3600
106 10378 -3272
81 10269 -3629
110 1156 3397
109 1288 2863
38 318 422
51 1324 -1058
93 2996 1192
56 2762 -56
118 4130 -65
67 5628 -73
78 5794 164
39 6944 -691
72 4224 -376
101 2985 -338
8 -1053 1322
19 1153 4200
79 1183 5893
83 -793 5470
40 -1350 1395
61 -6828 2368
54 -6753 1997
53 -6585 1700
57 -6733 1684
33 -722 1725
49 5331 207
65 5647 -118
121 4039 -229
70 4019 97
58 3219 1029
20 2481 595
112 2295 847
50 1384 1868
85 914 -377
26 3242 153
125 4537 -33
117 4186 -169
6 1678 2463
59 2877 3092
95 2383 1798
62 2216 1931
71 2386 1144
92 2199 1634
69 2518 551
122 2258 966
63 2646 982
124 4536 84
107 9954 -3497
87 9806 -3423
43 6204 -620
7 6426 -559
27 5425 -163
44 5109 250
55 3407 287
119 3167 212
73 2261 297
68 1074 945
90 1246 3992
35 -498 5634
13 336 5088
46 2054 1113
105 4462 84
114 6536 -396
66 4479 500
64 2608 1279
108 1773 1751
99 1210 3903
34 3461 5234
25 1622 2537
14 1549 2329
74 611 1047
22 1362 2759
47 -963 1754
111 424 1656
76 -88 4893
104 1209 3918
86 1060 4303
103 517 1508
11 558 -3410
4 2356 -266
37 2648 551
75 2093 608
42 2647 804
123 2091 965
9 1585 2523
52 3677 1997
0 6555 -485
29 6555 -440
23 6295 -248
77 6630 -662
32 6761 -1018
84 10065 -3541
2 6556 -826
115 2610 759
5 2256 1426
113 1796 696
102 4444 39
3 4353 -227
94 6352 -693
28 6610 -395
24 6406 -203
60 3094 -40
***世代 950 適応度 max -251119.0 (27) mean -319869.46 時間 15:50:15.065221
15 6536 -470
12 10176 -3644
88 10064 -3422
31 5590 223
30 7384 320
98 6682 109
48 6282 -1406
116 6186 -694
100 6461 -143
82 10066 -3689
89 10102 -3585
45 1417 -1162
18 816 796
17 1474 2477
91 1475 2314
10 1622 2478
16 3665 541
21 6184 -323
97 6720 -217
41 7037 -675
96 6334 -723
36 3687 -186
120 3411 -440
1 5645 282
80 10028 -3600
106 10378 -3272
81 10269 -3629
110 1156 3397
109 1288 2863
38 318 422
51 1324 -1058
93 2996 1192
56 2762 -56
118 4130 -65
67 5628 -73
78 5794 164
39 6944 -691
72 4224 -376
101 2985 -338
8 -1053 1322
19 1153 4200
79 1183 5893
83 -793 5470
40 -1350 1395
61 -6828 2368
54 -6753 1997
53 -6585 1700
57 -6733 1684
33 -722 1725
121 4039 -229
49 5331 207
65 5647 -118
70 4019 97
58 3219 1029
20 2481 595
112 2295 847
50 1384 1868
85 914 -377
26 3242 153
125 4537 -33
117 4186 -169
6 1678 2463
59 2877 3092
95 2383 1798
62 2216 1931
71 2386 1144
92 2199 1634
69 2518 551
122 2258 966
63 2646 982
124 4536 84
107 9954 -3497
87 9806 -3423
43 6204 -620
7 6426 -559
27 5425 -163
44 5109 250
55 3407 287
119 3167 212
73 2261 297
68 1074 945
90 1246 3992
35 -498 5634
13 336 5088
46 2054 1113
105 4462 84
114 6536 -396
66 4479 500
64 2608 1279
108 1773 1751
99 1210 3903
34 3461 5234
25 1622 2537
14 1549 2329
74 611 1047
22 1362 2759
47 -963 1754
111 424 1656
76 -88 4893
104 1209 3918
86 1060 4303
103 517 1508
11 558 -3410
4 2356 -266
37 2648 551
75 2093 608
42 2647 804
123 2091 965
9 1585 2523
52 3677 1997
0 6555 -485
29 6555 -440
23 6295 -248
77 6630 -662
32 6761 -1018
84 10065 -3541
2 6556 -826
115 2610 759
5 2256 1426
113 1796 696
102 4444 39
3 4353 -227
94 6352 -693
28 6610 -395
24 6406 -203
60 3094 -40
***世代 1000 適応度 max -248163.0 (36) mean -260372.78 時間 15:50:26.216519
15 6536 -470
12 10176 -3644
88 10064 -3422
31 5590 223
30 7384 320
98 6682 109
48 6282 -1406
116 6186 -694
100 6461 -143
82 10066 -3689
89 10102 -3585
45 1417 -1162
18 816 796
17 1474 2477
91 1475 2314
10 1622 2478
16 3665 541
21 6184 -323
97 6720 -217
41 7037 -675
96 6334 -723
36 3687 -186
120 3411 -440
1 5645 282
80 10028 -3600
106 10378 -3272
81 10269 -3629
110 1156 3397
109 1288 2863
38 318 422
51 1324 -1058
93 2996 1192
56 2762 -56
118 4130 -65
67 5628 -73
78 5794 164
39 6944 -691
72 4224 -376
101 2985 -338
8 -1053 1322
40 -1350 1395
19 1153 4200
79 1183 5893
83 -793 5470
61 -6828 2368
54 -6753 1997
53 -6585 1700
57 -6733 1684
33 -722 1725
121 4039 -229
49 5331 207
65 5647 -118
70 4019 97
58 3219 1029
20 2481 595
112 2295 847
50 1384 1868
85 914 -377
26 3242 153
125 4537 -33
117 4186 -169
6 1678 2463
59 2877 3092
95 2383 1798
62 2216 1931
71 2386 1144
92 2199 1634
122 2258 966
69 2518 551
63 2646 982
124 4536 84
107 9954 -3497
87 9806 -3423
43 6204 -620
7 6426 -559
27 5425 -163
44 5109 250
55 3407 287
119 3167 212
73 2261 297
68 1074 945
90 1246 3992
13 336 5088
35 -498 5634
46 2054 1113
105 4462 84
114 6536 -396
66 4479 500
64 2608 1279
108 1773 1751
99 1210 3903
34 3461 5234
25 1622 2537
14 1549 2329
74 611 1047
22 1362 2759
47 -963 1754
111 424 1656
76 -88 4893
104 1209 3918
86 1060 4303
103 517 1508
11 558 -3410
4 2356 -266
37 2648 551
75 2093 608
42 2647 804
123 2091 965
9 1585 2523
52 3677 1997
0 6555 -485
29 6555 -440
23 6295 -248
77 6630 -662
32 6761 -1018
84 10065 -3541
2 6556 -826
115 2610 759
5 2256 1426
113 1796 696
102 4444 39
3 4353 -227
94 6352 -693
28 6610 -395
24 6406 -203
60 3094 -40
***世代 1050 適応度 max -246644.0 (8) mean -271811.87 時間 15:50:37.840139
15 6536 -470
12 10176 -3644
88 10064 -3422
31 5590 223
30 7384 320
98 6682 109
48 6282 -1406
116 6186 -694
100 6461 -143
82 10066 -3689
89 10102 -3585
45 1417 -1162
18 816 796
17 1474 2477
91 1475 2314
10 1622 2478
16 3665 541
21 6184 -323
97 6720 -217
41 7037 -675
96 6334 -723
36 3687 -186
120 3411 -440
1 5645 282
80 10028 -3600
106 10378 -3272
81 10269 -3629
110 1156 3397
109 1288 2863
38 318 422
51 1324 -1058
93 2996 1192
56 2762 -56
118 4130 -65
67 5628 -73
78 5794 164
39 6944 -691
72 4224 -376
101 2985 -338
8 -1053 1322
40 -1350 1395
19 1153 4200
79 1183 5893
83 -793 5470
61 -6828 2368
54 -6753 1997
53 -6585 1700
57 -6733 1684
33 -722 1725
121 4039 -229
49 5331 207
65 5647 -118
70 4019 97
58 3219 1029
20 2481 595
112 2295 847
50 1384 1868
85 914 -377
26 3242 153
117 4186 -169
125 4537 -33
59 2877 3092
6 1678 2463
95 2383 1798
62 2216 1931
92 2199 1634
122 2258 966
71 2386 1144
69 2518 551
63 2646 982
124 4536 84
107 9954 -3497
87 9806 -3423
43 6204 -620
7 6426 -559
27 5425 -163
44 5109 250
55 3407 287
119 3167 212
73 2261 297
68 1074 945
90 1246 3992
13 336 5088
35 -498 5634
46 2054 1113
105 4462 84
114 6536 -396
66 4479 500
64 2608 1279
108 1773 1751
99 1210 3903
34 3461 5234
25 1622 2537
14 1549 2329
74 611 1047
22 1362 2759
47 -963 1754
111 424 1656
76 -88 4893
104 1209 3918
86 1060 4303
103 517 1508
11 558 -3410
4 2356 -266
37 2648 551
75 2093 608
42 2647 804
123 2091 965
9 1585 2523
52 3677 1997
0 6555 -485
29 6555 -440
23 6295 -248
77 6630 -662
32 6761 -1018
84 10065 -3541
2 6556 -826
115 2610 759
5 2256 1426
113 1796 696
102 4444 39
3 4353 -227
94 6352 -693
28 6610 -395
24 6406 -203
60 3094 -40
***世代 1100 適応度 max -243664.0 (58) mean -261824.43 時間 15:50:47.730810
48 6282 -1406
12 10176 -3644
88 10064 -3422
31 5590 223
105 4462 84
46 2054 1113
35 -498 5634
13 336 5088
90 1246 3992
68 1074 945
73 2261 297
119 3167 212
55 3407 287
44 5109 250
27 5425 -163
7 6426 -559
43 6204 -620
87 9806 -3423
107 9954 -3497
124 4536 84
63 2646 982
69 2518 551
122 2258 966
71 2386 1144
92 2199 1634
62 2216 1931
6 1678 2463
95 2383 1798
59 2877 3092
125 4537 -33
117 4186 -169
26 3242 153
85 914 -377
50 1384 1868
112 2295 847
20 2481 595
58 3219 1029
70 4019 97
65 5647 -118
49 5331 207
121 4039 -229
33 -722 1725
57 -6733 1684
53 -6585 1700
54 -6753 1997
61 -6828 2368
83 -793 5470
79 1183 5893
19 1153 4200
40 -1350 1395
8 -1053 1322
101 2985 -338
72 4224 -376
39 6944 -691
78 5794 164
67 5628 -73
118 4130 -65
56 2762 -56
93 2996 1192
51 1324 -1058
38 318 422
109 1288 2863
110 1156 3397
81 10269 -3629
106 10378 -3272
80 10028 -3600
1 5645 282
120 3411 -440
36 3687 -186
96 6334 -723
41 7037 -675
97 6720 -217
21 6184 -323
16 3665 541
10 1622 2478
91 1475 2314
17 1474 2477
18 816 796
45 1417 -1162
89 10102 -3585
82 10066 -3689
100 6461 -143
116 6186 -694
15 6536 -470
98 6682 109
30 7384 320
114 6536 -396
66 4479 500
64 2608 1279
108 1773 1751
99 1210 3903
34 3461 5234
25 1622 2537
14 1549 2329
74 611 1047
22 1362 2759
47 -963 1754
111 424 1656
76 -88 4893
104 1209 3918
86 1060 4303
103 517 1508
11 558 -3410
4 2356 -266
37 2648 551
75 2093 608
42 2647 804
123 2091 965
9 1585 2523
52 3677 1997
0 6555 -485
29 6555 -440
23 6295 -248
77 6630 -662
32 6761 -1018
84 10065 -3541
2 6556 -826
115 2610 759
5 2256 1426
113 1796 696
102 4444 39
3 4353 -227
94 6352 -693
28 6610 -395
24 6406 -203
60 3094 -40
***世代 1150 適応度 max -243436.0 (15) mean -272419.96 時間 15:50:57.075269
48 6282 -1406
12 10176 -3644
88 10064 -3422
31 5590 223
30 7384 320
98 6682 109
15 6536 -470
116 6186 -694
100 6461 -143
82 10066 -3689
89 10102 -3585
45 1417 -1162
18 816 796
17 1474 2477
91 1475 2314
10 1622 2478
16 3665 541
21 6184 -323
97 6720 -217
41 7037 -675
96 6334 -723
36 3687 -186
120 3411 -440
1 5645 282
80 10028 -3600
106 10378 -3272
81 10269 -3629
110 1156 3397
109 1288 2863
38 318 422
51 1324 -1058
93 2996 1192
56 2762 -56
118 4130 -65
67 5628 -73
78 5794 164
105 4462 84
46 2054 1113
35 -498 5634
13 336 5088
90 1246 3992
68 1074 945
73 2261 297
119 3167 212
55 3407 287
44 5109 250
27 5425 -163
7 6426 -559
43 6204 -620
87 9806 -3423
107 9954 -3497
124 4536 84
69 2518 551
63 2646 982
71 2386 1144
122 2258 966
50 1384 1868
6 1678 2463
95 2383 1798
62 2216 1931
59 2877 3092
125 4537 -33
117 4186 -169
26 3242 153
85 914 -377
92 2199 1634
112 2295 847
20 2481 595
58 3219 1029
70 4019 97
65 5647 -118
49 5331 207
121 4039 -229
33 -722 1725
57 -6733 1684
53 -6585 1700
54 -6753 1997
61 -6828 2368
83 -793 5470
79 1183 5893
19 1153 4200
40 -1350 1395
8 -1053 1322
101 2985 -338
72 4224 -376
39 6944 -691
114 6536 -396
66 4479 500
64 2608 1279
108 1773 1751
99 1210 3903
34 3461 5234
25 1622 2537
14 1549 2329
74 611 1047
22 1362 2759
47 -963 1754
111 424 1656
76 -88 4893
104 1209 3918
86 1060 4303
103 517 1508
11 558 -3410
4 2356 -266
37 2648 551
75 2093 608
42 2647 804
123 2091 965
9 1585 2523
52 3677 1997
0 6555 -485
29 6555 -440
23 6295 -248
77 6630 -662
32 6761 -1018
84 10065 -3541
2 6556 -826
115 2610 759
5 2256 1426
113 1796 696
102 4444 39
3 4353 -227
94 6352 -693
28 6610 -395
24 6406 -203
60 3094 -40
***世代 1200 適応度 max -242644.0 (84) mean -308699.72 時間 15:51:06.031582
48 6282 -1406
12 10176 -3644
88 10064 -3422
31 5590 223
30 7384 320
98 6682 109
15 6536 -470
116 6186 -694
100 6461 -143
82 10066 -3689
89 10102 -3585
45 1417 -1162
18 816 796
17 1474 2477
91 1475 2314
10 1622 2478
16 3665 541
21 6184 -323
97 6720 -217
41 7037 -675
96 6334 -723
36 3687 -186
120 3411 -440
1 5645 282
80 10028 -3600
106 10378 -3272
81 10269 -3629
110 1156 3397
109 1288 2863
38 318 422
51 1324 -1058
93 2996 1192
56 2762 -56
118 4130 -65
67 5628 -73
78 5794 164
105 4462 84
46 2054 1113
35 -498 5634
13 336 5088
90 1246 3992
68 1074 945
73 2261 297
119 3167 212
55 3407 287
44 5109 250
27 5425 -163
7 6426 -559
43 6204 -620
87 9806 -3423
107 9954 -3497
124 4536 84
70 4019 97
69 2518 551
63 2646 982
71 2386 1144
122 2258 966
50 1384 1868
6 1678 2463
95 2383 1798
62 2216 1931
59 2877 3092
125 4537 -33
117 4186 -169
26 3242 153
85 914 -377
92 2199 1634
112 2295 847
20 2481 595
58 3219 1029
65 5647 -118
49 5331 207
121 4039 -229
33 -722 1725
57 -6733 1684
53 -6585 1700
54 -6753 1997
61 -6828 2368
83 -793 5470
79 1183 5893
19 1153 4200
40 -1350 1395
8 -1053 1322
101 2985 -338
72 4224 -376
39 6944 -691
114 6536 -396
66 4479 500
64 2608 1279
108 1773 1751
99 1210 3903
34 3461 5234
25 1622 2537
14 1549 2329
74 611 1047
22 1362 2759
47 -963 1754
111 424 1656
76 -88 4893
104 1209 3918
86 1060 4303
103 517 1508
11 558 -3410
4 2356 -266
37 2648 551
75 2093 608
42 2647 804
123 2091 965
9 1585 2523
52 3677 1997
23 6295 -248
0 6555 -485
29 6555 -440
77 6630 -662
32 6761 -1018
84 10065 -3541
2 6556 -826
115 2610 759
5 2256 1426
113 1796 696
102 4444 39
3 4353 -227
94 6352 -693
28 6610 -395
24 6406 -203
60 3094 -40
***世代 1250 適応度 max -241149.0 (37) mean -247531.98 時間 15:51:14.016006
48 6282 -1406
12 10176 -3644
88 10064 -3422
31 5590 223
30 7384 320
98 6682 109
15 6536 -470
116 6186 -694
96 6334 -723
41 7037 -675
97 6720 -217
21 6184 -323
16 3665 541
10 1622 2478
91 1475 2314
17 1474 2477
18 816 796
45 1417 -1162
89 10102 -3585
82 10066 -3689
100 6461 -143
36 3687 -186
120 3411 -440
1 5645 282
80 10028 -3600
106 10378 -3272
81 10269 -3629
110 1156 3397
109 1288 2863
38 318 422
51 1324 -1058
93 2996 1192
56 2762 -56
118 4130 -65
67 5628 -73
78 5794 164
105 4462 84
46 2054 1113
35 -498 5634
13 336 5088
90 1246 3992
68 1074 945
73 2261 297
119 3167 212
55 3407 287
44 5109 250
27 5425 -163
7 6426 -559
43 6204 -620
87 9806 -3423
107 9954 -3497
124 4536 84
70 4019 97
69 2518 551
63 2646 982
71 2386 1144
122 2258 966
50 1384 1868
6 1678 2463
95 2383 1798
62 2216 1931
59 2877 3092
125 4537 -33
117 4186 -169
26 3242 153
85 914 -377
92 2199 1634
112 2295 847
20 2481 595
58 3219 1029
65 5647 -118
49 5331 207
121 4039 -229
33 -722 1725
57 -6733 1684
53 -6585 1700
54 -6753 1997
61 -6828 2368
83 -793 5470
79 1183 5893
19 1153 4200
40 -1350 1395
8 -1053 1322
101 2985 -338
72 4224 -376
39 6944 -691
114 6536 -396
66 4479 500
64 2608 1279
108 1773 1751
99 1210 3903
34 3461 5234
25 1622 2537
14 1549 2329
74 611 1047
22 1362 2759
111 424 1656
47 -963 1754
76 -88 4893
104 1209 3918
86 1060 4303
103 517 1508
11 558 -3410
4 2356 -266
37 2648 551
75 2093 608
42 2647 804
123 2091 965
9 1585 2523
52 3677 1997
23 6295 -248
0 6555 -485
29 6555 -440
77 6630 -662
32 6761 -1018
84 10065 -3541
2 6556 -826
115 2610 759
5 2256 1426
113 1796 696
102 4444 39
3 4353 -227
94 6352 -693
28 6610 -395
24 6406 -203
60 3094 -40
***世代 1300 適応度 max -234398.0 (10) mean -250132.05 時間 15:51:19.673022
48 6282 -1406
12 10176 -3644
88 10064 -3422
31 5590 223
30 7384 320
98 6682 109
15 6536 -470
116 6186 -694
96 6334 -723
41 7037 -675
97 6720 -217
21 6184 -323
16 3665 541
10 1622 2478
17 1474 2477
109 1288 2863
110 1156 3397
91 1475 2314
89 10102 -3585
80 10028 -3600
82 10066 -3689
36 3687 -186
120 3411 -440
1 5645 282
100 6461 -143
106 10378 -3272
81 10269 -3629
45 1417 -1162
18 816 796
38 318 422
51 1324 -1058
56 2762 -56
93 2996 1192
118 4130 -65
67 5628 -73
78 5794 164
105 4462 84
46 2054 1113
35 -498 5634
13 336 5088
90 1246 3992
68 1074 945
73 2261 297
119 3167 212
55 3407 287
44 5109 250
27 5425 -163
7 6426 -559
43 6204 -620
87 9806 -3423
107 9954 -3497
124 4536 84
70 4019 97
69 2518 551
63 2646 982
71 2386 1144
122 2258 966
62 2216 1931
50 1384 1868
6 1678 2463
95 2383 1798
59 2877 3092
125 4537 -33
117 4186 -169
26 3242 153
85 914 -377
20 2481 595
112 2295 847
92 2199 1634
58 3219 1029
65 5647 -118
49 5331 207
121 4039 -229
33 -722 1725
57 -6733 1684
53 -6585 1700
54 -6753 1997
61 -6828 2368
83 -793 5470
79 1183 5893
19 1153 4200
40 -1350 1395
8 -1053 1322
101 2985 -338
72 4224 -376
39 6944 -691
114 6536 -396
66 4479 500
64 2608 1279
108 1773 1751
99 1210 3903
34 3461 5234
25 1622 2537
14 1549 2329
22 1362 2759
74 611 1047
111 424 1656
47 -963 1754
76 -88 4893
104 1209 3918
86 1060 4303
103 517 1508
11 558 -3410
4 2356 -266
37 2648 551
75 2093 608
42 2647 804
123 2091 965
9 1585 2523
52 3677 1997
23 6295 -248
0 6555 -485
29 6555 -440
77 6630 -662
32 6761 -1018
84 10065 -3541
2 6556 -826
115 2610 759
5 2256 1426
113 1796 696
102 4444 39
3 4353 -227
94 6352 -693
28 6610 -395
24 6406 -203
60 3094 -40
***世代 1350 適応度 max -232431.0 (17) mean -244127.82 時間 15:51:25.393414
48 6282 -1406
12 10176 -3644
88 10064 -3422
31 5590 223
30 7384 320
98 6682 109
15 6536 -470
116 6186 -694
96 6334 -723
21 6184 -323
16 3665 541
17 1474 2477
109 1288 2863
110 1156 3397
91 1475 2314
10 1622 2478
97 6720 -217
41 7037 -675
89 10102 -3585
82 10066 -3689
80 10028 -3600
120 3411 -440
36 3687 -186
1 5645 282
100 6461 -143
106 10378 -3272
81 10269 -3629
45 1417 -1162
18 816 796
38 318 422
51 1324 -1058
56 2762 -56
93 2996 1192
118 4130 -65
67 5628 -73
78 5794 164
105 4462 84
46 2054 1113
35 -498 5634
13 336 5088
90 1246 3992
68 1074 945
73 2261 297
119 3167 212
55 3407 287
44 5109 250
27 5425 -163
7 6426 -559
43 6204 -620
87 9806 -3423
107 9954 -3497
124 4536 84
70 4019 97
69 2518 551
63 2646 982
71 2386 1144
122 2258 966
62 2216 1931
95 2383 1798
50 1384 1868
6 1678 2463
59 2877 3092
125 4537 -33
117 4186 -169
26 3242 153
85 914 -377
20 2481 595
112 2295 847
92 2199 1634
58 3219 1029
65 5647 -118
49 5331 207
121 4039 -229
33 -722 1725
57 -6733 1684
53 -6585 1700
54 -6753 1997
61 -6828 2368
83 -793 5470
79 1183 5893
19 1153 4200
40 -1350 1395
8 -1053 1322
101 2985 -338
72 4224 -376
39 6944 -691
114 6536 -396
66 4479 500
64 2608 1279
108 1773 1751
99 1210 3903
34 3461 5234
25 1622 2537
14 1549 2329
22 1362 2759
74 611 1047
111 424 1656
47 -963 1754
76 -88 4893
104 1209 3918
86 1060 4303
103 517 1508
11 558 -3410
4 2356 -266
37 2648 551
75 2093 608
42 2647 804
123 2091 965
9 1585 2523
52 3677 1997
23 6295 -248
0 6555 -485
29 6555 -440
77 6630 -662
32 6761 -1018
84 10065 -3541
2 6556 -826
115 2610 759
5 2256 1426
113 1796 696
102 4444 39
3 4353 -227
94 6352 -693
28 6610 -395
24 6406 -203
60 3094 -40
***世代 1400 適応度 max -228663.0 (3) mean -264983.6 時間 15:51:31.247819
48 6282 -1406
12 10176 -3644
88 10064 -3422
31 5590 223
30 7384 320
98 6682 109
15 6536 -470
116 6186 -694
96 6334 -723
21 6184 -323
16 3665 541
91 1475 2314
17 1474 2477
10 1622 2478
110 1156 3397
109 1288 2863
97 6720 -217
41 7037 -675
89 10102 -3585
82 10066 -3689
80 10028 -3600
120 3411 -440
36 3687 -186
1 5645 282
100 6461 -143
106 10378 -3272
81 10269 -3629
45 1417 -1162
18 816 796
38 318 422
51 1324 -1058
56 2762 -56
93 2996 1192
118 4130 -65
67 5628 -73
78 5794 164
105 4462 84
46 2054 1113
35 -498 5634
13 336 5088
90 1246 3992
68 1074 945
73 2261 297
119 3167 212
55 3407 287
44 5109 250
27 5425 -163
7 6426 -559
43 6204 -620
87 9806 -3423
107 9954 -3497
114 6536 -396
39 6944 -691
72 4224 -376
101 2985 -338
8 -1053 1322
40 -1350 1395
19 1153 4200
79 1183 5893
83 -793 5470
61 -6828 2368
54 -6753 1997
53 -6585 1700
57 -6733 1684
33 -722 1725
121 4039 -229
49 5331 207
65 5647 -118
58 3219 1029
92 2199 1634
112 2295 847
20 2481 595
85 914 -377
26 3242 153
117 4186 -169
125 4537 -33
59 2877 3092
6 1678 2463
50 1384 1868
95 2383 1798
62 2216 1931
122 2258 966
71 2386 1144
63 2646 982
69 2518 551
70 4019 97
124 4536 84
66 4479 500
64 2608 1279
108 1773 1751
99 1210 3903
34 3461 5234
25 1622 2537
14 1549 2329
22 1362 2759
74 611 1047
111 424 1656
47 -963 1754
76 -88 4893
104 1209 3918
86 1060 4303
103 517 1508
11 558 -3410
4 2356 -266
37 2648 551
75 2093 608
42 2647 804
123 2091 965
9 1585 2523
52 3677 1997
23 6295 -248
0 6555 -485
29 6555 -440
77 6630 -662
32 6761 -1018
84 10065 -3541
2 6556 -826
115 2610 759
5 2256 1426
113 1796 696
102 4444 39
3 4353 -227
94 6352 -693
28 6610 -395
24 6406 -203
60 3094 -40
***世代 1450 適応度 max -221372.0 (18) mean -254065.69 時間 15:51:37.497683
48 6282 -1406
12 10176 -3644
88 10064 -3422
31 5590 223
30 7384 320
98 6682 109
15 6536 -470
116 6186 -694
96 6334 -723
21 6184 -323
97 6720 -217
16 3665 541
17 1474 2477
110 1156 3397
109 1288 2863
91 1475 2314
10 1622 2478
41 7037 -675
89 10102 -3585
82 10066 -3689
80 10028 -3600
107 9954 -3497
87 9806 -3423
43 6204 -620
7 6426 -559
44 5109 250
27 5425 -163
119 3167 212
73 2261 297
55 3407 287
68 1074 945
90 1246 3992
13 336 5088
35 -498 5634
46 2054 1113
93 2996 1192
105 4462 84
78 5794 164
67 5628 -73
118 4130 -65
56 2762 -56
51 1324 -1058
45 1417 -1162
38 318 422
18 816 796
81 10269 -3629
106 10378 -3272
100 6461 -143
1 5645 282
124 4536 84
120 3411 -440
36 3687 -186
70 4019 97
69 2518 551
71 2386 1144
63 2646 982
122 2258 966
62 2216 1931
95 2383 1798
50 1384 1868
6 1678 2463
59 2877 3092
125 4537 -33
117 4186 -169
26 3242 153
85 914 -377
20 2481 595
112 2295 847
92 2199 1634
58 3219 1029
65 5647 -118
49 5331 207
121 4039 -229
33 -722 1725
57 -6733 1684
53 -6585 1700
54 -6753 1997
61 -6828 2368
83 -793 5470
79 1183 5893
19 1153 4200
40 -1350 1395
8 -1053 1322
101 2985 -338
72 4224 -376
39 6944 -691
114 6536 -396
66 4479 500
64 2608 1279
108 1773 1751
99 1210 3903
34 3461 5234
25 1622 2537
14 1549 2329
22 1362 2759
74 611 1047
111 424 1656
47 -963 1754
76 -88 4893
104 1209 3918
86 1060 4303
103 517 1508
11 558 -3410
4 2356 -266
37 2648 551
75 2093 608
42 2647 804
123 2091 965
9 1585 2523
52 3677 1997
23 6295 -248
0 6555 -485
29 6555 -440
77 6630 -662
32 6761 -1018
84 10065 -3541
2 6556 -826
115 2610 759
5 2256 1426
113 1796 696
102 4444 39
3 4353 -227
94 6352 -693
28 6610 -395
24 6406 -203
60 3094 -40
***世代 1500 適応度 max -221232.0 (87) mean -227836.32 時間 15:51:44.704601
48 6282 -1406
12 10176 -3644
88 10064 -3422
31 5590 223
30 7384 320
98 6682 109
15 6536 -470
116 6186 -694
96 6334 -723
21 6184 -323
97 6720 -217
16 3665 541
17 1474 2477
110 1156 3397
109 1288 2863
91 1475 2314
10 1622 2478
41 7037 -675
89 10102 -3585
82 10066 -3689
80 10028 -3600
107 9954 -3497
87 9806 -3423
43 6204 -620
7 6426 -559
44 5109 250
27 5425 -163
119 3167 212
73 2261 297
55 3407 287
68 1074 945
13 336 5088
35 -498 5634
90 1246 3992
46 2054 1113
93 2996 1192
105 4462 84
78 5794 164
67 5628 -73
118 4130 -65
56 2762 -56
45 1417 -1162
51 1324 -1058
38 318 422
18 816 796
81 10269 -3629
106 10378 -3272
100 6461 -143
1 5645 282
124 4536 84
120 3411 -440
36 3687 -186
70 4019 97
69 2518 551
71 2386 1144
63 2646 982
122 2258 966
62 2216 1931
95 2383 1798
50 1384 1868
6 1678 2463
59 2877 3092
125 4537 -33
117 4186 -169
26 3242 153
20 2481 595
112 2295 847
85 914 -377
92 2199 1634
58 3219 1029
65 5647 -118
49 5331 207
121 4039 -229
33 -722 1725
57 -6733 1684
53 -6585 1700
54 -6753 1997
61 -6828 2368
83 -793 5470
79 1183 5893
19 1153 4200
40 -1350 1395
8 -1053 1322
101 2985 -338
72 4224 -376
39 6944 -691
114 6536 -396
66 4479 500
64 2608 1279
108 1773 1751
99 1210 3903
34 3461 5234
25 1622 2537
14 1549 2329
22 1362 2759
74 611 1047
111 424 1656
47 -963 1754
76 -88 4893
104 1209 3918
86 1060 4303
103 517 1508
11 558 -3410
4 2356 -266
37 2648 551
75 2093 608
42 2647 804
123 2091 965
9 1585 2523
52 3677 1997
23 6295 -248
0 6555 -485
29 6555 -440
77 6630 -662
32 6761 -1018
84 10065 -3541
2 6556 -826
115 2610 759
5 2256 1426
113 1796 696
102 4444 39
3 4353 -227
94 6352 -693
28 6610 -395
24 6406 -203
60 3094 -40
***世代 1550 適応度 max -220366.0 (6) mean -250147.65 時間 15:51:52.388828
48 6282 -1406
12 10176 -3644
88 10064 -3422
31 5590 223
30 7384 320
98 6682 109
15 6536 -470
116 6186 -694
96 6334 -723
21 6184 -323
97 6720 -217
16 3665 541
17 1474 2477
110 1156 3397
109 1288 2863
91 1475 2314
10 1622 2478
41 7037 -675
89 10102 -3585
82 10066 -3689
80 10028 -3600
107 9954 -3497
87 9806 -3423
43 6204 -620
7 6426 -559
44 5109 250
27 5425 -163
119 3167 212
73 2261 297
55 3407 287
68 1074 945
13 336 5088
35 -498 5634
90 1246 3992
46 2054 1113
93 2996 1192
105 4462 84
78 5794 164
67 5628 -73
118 4130 -65
56 2762 -56
45 1417 -1162
51 1324 -1058
38 318 422
18 816 796
81 10269 -3629
106 10378 -3272
100 6461 -143
1 5645 282
124 4536 84
120 3411 -440
36 3687 -186
70 4019 97
69 2518 551
63 2646 982
71 2386 1144
122 2258 966
62 2216 1931
95 2383 1798
50 1384 1868
6 1678 2463
59 2877 3092
125 4537 -33
117 4186 -169
26 3242 153
85 914 -377
20 2481 595
112 2295 847
92 2199 1634
58 3219 1029
65 5647 -118
49 5331 207
121 4039 -229
33 -722 1725
57 -6733 1684
53 -6585 1700
54 -6753 1997
61 -6828 2368
83 -793 5470
79 1183 5893
19 1153 4200
40 -1350 1395
8 -1053 1322
101 2985 -338
72 4224 -376
39 6944 -691
114 6536 -396
66 4479 500
64 2608 1279
22 1362 2759
99 1210 3903
34 3461 5234
25 1622 2537
14 1549 2329
108 1773 1751
74 611 1047
111 424 1656
47 -963 1754
76 -88 4893
104 1209 3918
86 1060 4303
103 517 1508
11 558 -3410
4 2356 -266
37 2648 551
75 2093 608
42 2647 804
123 2091 965
9 1585 2523
52 3677 1997
23 6295 -248
0 6555 -485
29 6555 -440
77 6630 -662
32 6761 -1018
84 10065 -3541
2 6556 -826
115 2610 759
5 2256 1426
113 1796 696
102 4444 39
3 4353 -227
94 6352 -693
28 6610 -395
24 6406 -203
60 3094 -40
***世代 1600 適応度 max -220366.0 (6) mean -236978.88 時間 15:52:00.016782
48 6282 -1406
12 10176 -3644
88 10064 -3422
31 5590 223
30 7384 320
98 6682 109
15 6536 -470
116 6186 -694
96 6334 -723
21 6184 -323
97 6720 -217
16 3665 541
17 1474 2477
110 1156 3397
109 1288 2863
91 1475 2314
10 1622 2478
41 7037 -675
89 10102 -3585
82 10066 -3689
80 10028 -3600
107 9954 -3497
87 9806 -3423
43 6204 -620
7 6426 -559
44 5109 250
27 5425 -163
119 3167 212
73 2261 297
55 3407 287
68 1074 945
13 336 5088
35 -498 5634
90 1246 3992
46 2054 1113
93 2996 1192
105 4462 84
78 5794 164
67 5628 -73
118 4130 -65
56 2762 -56
45 1417 -1162
51 1324 -1058
38 318 422
18 816 796
81 10269 -3629
106 10378 -3272
100 6461 -143
1 5645 282
124 4536 84
120 3411 -440
36 3687 -186
70 4019 97
69 2518 551
63 2646 982
71 2386 1144
122 2258 966
62 2216 1931
95 2383 1798
50 1384 1868
6 1678 2463
59 2877 3092
125 4537 -33
117 4186 -169
26 3242 153
85 914 -377
20 2481 595
112 2295 847
92 2199 1634
58 3219 1029
65 5647 -118
49 5331 207
121 4039 -229
33 -722 1725
57 -6733 1684
53 -6585 1700
54 -6753 1997
61 -6828 2368
83 -793 5470
79 1183 5893
19 1153 4200
40 -1350 1395
8 -1053 1322
101 2985 -338
72 4224 -376
39 6944 -691
114 6536 -396
66 4479 500
64 2608 1279
22 1362 2759
99 1210 3903
34 3461 5234
25 1622 2537
14 1549 2329
108 1773 1751
74 611 1047
111 424 1656
47 -963 1754
76 -88 4893
104 1209 3918
86 1060 4303
103 517 1508
11 558 -3410
4 2356 -266
37 2648 551
75 2093 608
42 2647 804
123 2091 965
9 1585 2523
52 3677 1997
23 6295 -248
0 6555 -485
29 6555 -440
77 6630 -662
32 6761 -1018
84 10065 -3541
2 6556 -826
115 2610 759
5 2256 1426
113 1796 696
102 4444 39
3 4353 -227
94 6352 -693
28 6610 -395
24 6406 -203
60 3094 -40
***世代 1650 適応度 max -216723.0 (11) mean -220774.92 時間 15:52:07.433596
48 6282 -1406
12 10176 -3644
88 10064 -3422
31 5590 223
30 7384 320
98 6682 109
15 6536 -470
116 6186 -694
96 6334 -723
21 6184 -323
97 6720 -217
16 3665 541
17 1474 2477
109 1288 2863
110 1156 3397
91 1475 2314
10 1622 2478
41 7037 -675
89 10102 -3585
82 10066 -3689
80 10028 -3600
107 9954 -3497
87 9806 -3423
7 6426 -559
43 6204 -620
44 5109 250
27 5425 -163
55 3407 287
119 3167 212
73 2261 297
68 1074 945
13 336 5088
35 -498 5634
90 1246 3992
46 2054 1113
93 2996 1192
105 4462 84
78 5794 164
67 5628 -73
118 4130 -65
56 2762 -56
38 318 422
18 816 796
51 1324 -1058
45 1417 -1162
81 10269 -3629
106 10378 -3272
100 6461 -143
1 5645 282
124 4536 84
120 3411 -440
36 3687 -186
70 4019 97
69 2518 551
63 2646 982
71 2386 1144
122 2258 966
62 2216 1931
95 2383 1798
50 1384 1868
6 1678 2463
59 2877 3092
125 4537 -33
117 4186 -169
26 3242 153
85 914 -377
20 2481 595
112 2295 847
92 2199 1634
58 3219 1029
65 5647 -118
49 5331 207
121 4039 -229
33 -722 1725
57 -6733 1684
53 -6585 1700
54 -6753 1997
61 -6828 2368
83 -793 5470
79 1183 5893
19 1153 4200
40 -1350 1395
8 -1053 1322
101 2985 -338
72 4224 -376
39 6944 -691
114 6536 -396
66 4479 500
64 2608 1279
34 3461 5234
99 1210 3903
22 1362 2759
25 1622 2537
14 1549 2329
108 1773 1751
74 611 1047
111 424 1656
47 -963 1754
76 -88 4893
104 1209 3918
86 1060 4303
103 517 1508
11 558 -3410
4 2356 -266
37 2648 551
75 2093 608
42 2647 804
123 2091 965
9 1585 2523
52 3677 1997
23 6295 -248
0 6555 -485
29 6555 -440
77 6630 -662
32 6761 -1018
84 10065 -3541
2 6556 -826
115 2610 759
5 2256 1426
113 1796 696
102 4444 39
3 4353 -227
94 6352 -693
28 6610 -395
24 6406 -203
60 3094 -40
***世代 1700 適応度 max -215657.0 (58) mean -259368.3 時間 15:52:15.512613
48 6282 -1406
12 10176 -3644
88 10064 -3422
31 5590 223
30 7384 320
98 6682 109
15 6536 -470
116 6186 -694
96 6334 -723
21 6184 -323
97 6720 -217
16 3665 541
17 1474 2477
109 1288 2863
110 1156 3397
91 1475 2314
10 1622 2478
41 7037 -675
89 10102 -3585
82 10066 -3689
80 10028 -3600
107 9954 -3497
87 9806 -3423
7 6426 -559
43 6204 -620
44 5109 250
27 5425 -163
55 3407 287
119 3167 212
73 2261 297
68 1074 945
13 336 5088
35 -498 5634
90 1246 3992
46 2054 1113
93 2996 1192
105 4462 84
67 5628 -73
78 5794 164
118 4130 -65
56 2762 -56
38 318 422
18 816 796
51 1324 -1058
45 1417 -1162
81 10269 -3629
106 10378 -3272
100 6461 -143
1 5645 282
124 4536 84
120 3411 -440
36 3687 -186
70 4019 97
69 2518 551
63 2646 982
71 2386 1144
122 2258 966
62 2216 1931
95 2383 1798
50 1384 1868
6 1678 2463
59 2877 3092
125 4537 -33
117 4186 -169
26 3242 153
85 914 -377
20 2481 595
112 2295 847
92 2199 1634
58 3219 1029
113 1796 696
5 2256 1426
115 2610 759
2 6556 -826
84 10065 -3541
32 6761 -1018
77 6630 -662
29 6555 -440
0 6555 -485
23 6295 -248
52 3677 1997
9 1585 2523
123 2091 965
42 2647 804
75 2093 608
37 2648 551
4 2356 -266
11 558 -3410
103 517 1508
86 1060 4303
104 1209 3918
76 -88 4893
47 -963 1754
111 424 1656
74 611 1047
108 1773 1751
22 1362 2759
14 1549 2329
99 1210 3903
34 3461 5234
25 1622 2537
64 2608 1279
66 4479 500
114 6536 -396
39 6944 -691
72 4224 -376
101 2985 -338
8 -1053 1322
40 -1350 1395
19 1153 4200
79 1183 5893
83 -793 5470
61 -6828 2368
54 -6753 1997
53 -6585 1700
57 -6733 1684
33 -722 1725
121 4039 -229
49 5331 207
65 5647 -118
102 4444 39
3 4353 -227
94 6352 -693
28 6610 -395
24 6406 -203
60 3094 -40
***世代 1750 適応度 max -215657.0 (13) mean -251358.62 時間 15:52:25.640311
48 6282 -1406
12 10176 -3644
88 10064 -3422
31 5590 223
30 7384 320
98 6682 109
15 6536 -470
116 6186 -694
96 6334 -723
21 6184 -323
97 6720 -217
16 3665 541
17 1474 2477
109 1288 2863
110 1156 3397
91 1475 2314
10 1622 2478
41 7037 -675
89 10102 -3585
82 10066 -3689
80 10028 -3600
107 9954 -3497
87 9806 -3423
7 6426 -559
43 6204 -620
44 5109 250
27 5425 -163
55 3407 287
119 3167 212
73 2261 297
68 1074 945
13 336 5088
35 -498 5634
90 1246 3992
46 2054 1113
93 2996 1192
105 4462 84
67 5628 -73
78 5794 164
118 4130 -65
56 2762 -56
38 318 422
18 816 796
51 1324 -1058
45 1417 -1162
81 10269 -3629
106 10378 -3272
100 6461 -143
1 5645 282
124 4536 84
120 3411 -440
36 3687 -186
70 4019 97
69 2518 551
63 2646 982
71 2386 1144
122 2258 966
62 2216 1931
95 2383 1798
50 1384 1868
6 1678 2463
59 2877 3092
125 4537 -33
117 4186 -169
26 3242 153
85 914 -377
20 2481 595
112 2295 847
92 2199 1634
58 3219 1029
113 1796 696
5 2256 1426
115 2610 759
2 6556 -826
84 10065 -3541
32 6761 -1018
77 6630 -662
29 6555 -440
0 6555 -485
23 6295 -248
52 3677 1997
9 1585 2523
123 2091 965
42 2647 804
75 2093 608
37 2648 551
4 2356 -266
11 558 -3410
103 517 1508
86 1060 4303
104 1209 3918
76 -88 4893
47 -963 1754
111 424 1656
74 611 1047
108 1773 1751
22 1362 2759
14 1549 2329
99 1210 3903
34 3461 5234
25 1622 2537
64 2608 1279
66 4479 500
114 6536 -396
39 6944 -691
72 4224 -376
101 2985 -338
8 -1053 1322
40 -1350 1395
19 1153 4200
79 1183 5893
83 -793 5470
61 -6828 2368
54 -6753 1997
53 -6585 1700
57 -6733 1684
33 -722 1725
121 4039 -229
49 5331 207
65 5647 -118
102 4444 39
3 4353 -227
94 6352 -693
28 6610 -395
24 6406 -203
60 3094 -40
***世代 1800 適応度 max -215657.0 (13) mean -240463.94 時間 15:52:36.183457
48 6282 -1406
12 10176 -3644
88 10064 -3422
31 5590 223
30 7384 320
98 6682 109
15 6536 -470
116 6186 -694
96 6334 -723
21 6184 -323
97 6720 -217
16 3665 541
17 1474 2477
109 1288 2863
110 1156 3397
91 1475 2314
10 1622 2478
41 7037 -675
89 10102 -3585
82 10066 -3689
80 10028 -3600
107 9954 -3497
87 9806 -3423
7 6426 -559
43 6204 -620
44 5109 250
27 5425 -163
55 3407 287
119 3167 212
73 2261 297
68 1074 945
13 336 5088
35 -498 5634
90 1246 3992
46 2054 1113
93 2996 1192
105 4462 84
67 5628 -73
78 5794 164
118 4130 -65
56 2762 -56
38 318 422
18 816 796
51 1324 -1058
45 1417 -1162
81 10269 -3629
106 10378 -3272
100 6461 -143
1 5645 282
124 4536 84
120 3411 -440
36 3687 -186
70 4019 97
69 2518 551
63 2646 982
71 2386 1144
122 2258 966
62 2216 1931
95 2383 1798
50 1384 1868
6 1678 2463
59 2877 3092
125 4537 -33
117 4186 -169
26 3242 153
85 914 -377
20 2481 595
112 2295 847
92 2199 1634
58 3219 1029
113 1796 696
5 2256 1426
115 2610 759
2 6556 -826
84 10065 -3541
32 6761 -1018
77 6630 -662
29 6555 -440
0 6555 -485
23 6295 -248
52 3677 1997
9 1585 2523
123 2091 965
42 2647 804
75 2093 608
37 2648 551
4 2356 -266
11 558 -3410
103 517 1508
86 1060 4303
104 1209 3918
76 -88 4893
47 -963 1754
111 424 1656
74 611 1047
108 1773 1751
22 1362 2759
14 1549 2329
99 1210 3903
34 3461 5234
25 1622 2537
64 2608 1279
66 4479 500
114 6536 -396
39 6944 -691
72 4224 -376
101 2985 -338
8 -1053 1322
40 -1350 1395
19 1153 4200
79 1183 5893
83 -793 5470
61 -6828 2368
54 -6753 1997
53 -6585 1700
57 -6733 1684
33 -722 1725
121 4039 -229
49 5331 207
65 5647 -118
102 4444 39
3 4353 -227
94 6352 -693
28 6610 -395
24 6406 -203
60 3094 -40
***世代 1850 適応度 max -215657.0 (13) mean -236593.57 時間 15:52:46.266608
48 6282 -1406
12 10176 -3644
88 10064 -3422
31 5590 223
30 7384 320
98 6682 109
15 6536 -470
116 6186 -694
96 6334 -723
21 6184 -323
97 6720 -217
16 3665 541
17 1474 2477
109 1288 2863
110 1156 3397
91 1475 2314
10 1622 2478
41 7037 -675
89 10102 -3585
82 10066 -3689
80 10028 -3600
107 9954 -3497
87 9806 -3423
7 6426 -559
43 6204 -620
44 5109 250
27 5425 -163
55 3407 287
119 3167 212
73 2261 297
68 1074 945
13 336 5088
35 -498 5634
90 1246 3992
46 2054 1113
93 2996 1192
105 4462 84
67 5628 -73
78 5794 164
118 4130 -65
56 2762 -56
38 318 422
18 816 796
51 1324 -1058
45 1417 -1162
81 10269 -3629
106 10378 -3272
100 6461 -143
1 5645 282
124 4536 84
120 3411 -440
36 3687 -186
70 4019 97
69 2518 551
63 2646 982
71 2386 1144
122 2258 966
62 2216 1931
95 2383 1798
50 1384 1868
6 1678 2463
59 2877 3092
125 4537 -33
117 4186 -169
26 3242 153
85 914 -377
20 2481 595
112 2295 847
92 2199 1634
58 3219 1029
113 1796 696
5 2256 1426
115 2610 759
2 6556 -826
84 10065 -3541
32 6761 -1018
77 6630 -662
29 6555 -440
0 6555 -485
23 6295 -248
52 3677 1997
9 1585 2523
123 2091 965
42 2647 804
75 2093 608
37 2648 551
4 2356 -266
11 558 -3410
103 517 1508
86 1060 4303
104 1209 3918
76 -88 4893
47 -963 1754
111 424 1656
74 611 1047
108 1773 1751
22 1362 2759
14 1549 2329
99 1210 3903
34 3461 5234
25 1622 2537
64 2608 1279
66 4479 500
114 6536 -396
39 6944 -691
72 4224 -376
101 2985 -338
8 -1053 1322
40 -1350 1395
19 1153 4200
79 1183 5893
83 -793 5470
61 -6828 2368
54 -6753 1997
53 -6585 1700
57 -6733 1684
33 -722 1725
121 4039 -229
49 5331 207
65 5647 -118
102 4444 39
3 4353 -227
94 6352 -693
28 6610 -395
24 6406 -203
60 3094 -40
***世代 1900 適応度 max -215611.0 (42) mean -237891.46 時間 15:52:56.950043
48 6282 -1406
12 10176 -3644
88 10064 -3422
31 5590 223
30 7384 320
98 6682 109
15 6536 -470
116 6186 -694
96 6334 -723
21 6184 -323
97 6720 -217
16 3665 541
17 1474 2477
109 1288 2863
110 1156 3397
91 1475 2314
10 1622 2478
41 7037 -675
89 10102 -3585
82 10066 -3689
80 10028 -3600
107 9954 -3497
87 9806 -3423
7 6426 -559
43 6204 -620
44 5109 250
27 5425 -163
55 3407 287
119 3167 212
73 2261 297
68 1074 945
13 336 5088
35 -498 5634
90 1246 3992
46 2054 1113
93 2996 1192
105 4462 84
78 5794 164
67 5628 -73
118 4130 -65
56 2762 -56
18 816 796
38 318 422
51 1324 -1058
45 1417 -1162
81 10269 -3629
106 10378 -3272
100 6461 -143
1 5645 282
124 4536 84
70 4019 97
120 3411 -440
36 3687 -186
69 2518 551
63 2646 982
122 2258 966
71 2386 1144
62 2216 1931
95 2383 1798
50 1384 1868
6 1678 2463
59 2877 3092
125 4537 -33
117 4186 -169
26 3242 153
85 914 -377
20 2481 595
112 2295 847
92 2199 1634
58 3219 1029
65 5647 -118
49 5331 207
121 4039 -229
33 -722 1725
57 -6733 1684
53 -6585 1700
54 -6753 1997
61 -6828 2368
83 -793 5470
79 1183 5893
19 1153 4200
40 -1350 1395
8 -1053 1322
101 2985 -338
72 4224 -376
39 6944 -691
114 6536 -396
66 4479 500
64 2608 1279
34 3461 5234
99 1210 3903
22 1362 2759
25 1622 2537
14 1549 2329
108 1773 1751
74 611 1047
111 424 1656
47 -963 1754
76 -88 4893
104 1209 3918
86 1060 4303
103 517 1508
11 558 -3410
4 2356 -266
37 2648 551
75 2093 608
42 2647 804
123 2091 965
9 1585 2523
52 3677 1997
23 6295 -248
0 6555 -485
29 6555 -440
77 6630 -662
32 6761 -1018
84 10065 -3541
2 6556 -826
115 2610 759
5 2256 1426
113 1796 696
102 4444 39
3 4353 -227
94 6352 -693
28 6610 -395
24 6406 -203
60 3094 -40
***世代 1950 適応度 max -215611.0 (9) mean -253276.16 時間 15:53:05.858274
48 6282 -1406
12 10176 -3644
88 10064 -3422
31 5590 223
30 7384 320
98 6682 109
15 6536 -470
116 6186 -694
96 6334 -723
21 6184 -323
97 6720 -217
16 3665 541
17 1474 2477
109 1288 2863
110 1156 3397
91 1475 2314
10 1622 2478
41 7037 -675
89 10102 -3585
82 10066 -3689
80 10028 -3600
107 9954 -3497
87 9806 -3423
7 6426 -559
43 6204 -620
44 5109 250
27 5425 -163
55 3407 287
119 3167 212
73 2261 297
68 1074 945
13 336 5088
35 -498 5634
90 1246 3992
46 2054 1113
93 2996 1192
105 4462 84
78 5794 164
67 5628 -73
118 4130 -65
56 2762 -56
18 816 796
38 318 422
51 1324 -1058
45 1417 -1162
81 10269 -3629
106 10378 -3272
100 6461 -143
1 5645 282
124 4536 84
70 4019 97
120 3411 -440
36 3687 -186
69 2518 551
63 2646 982
122 2258 966
71 2386 1144
62 2216 1931
95 2383 1798
50 1384 1868
6 1678 2463
59 2877 3092
125 4537 -33
117 4186 -169
26 3242 153
85 914 -377
20 2481 595
112 2295 847
92 2199 1634
58 3219 1029
65 5647 -118
49 5331 207
121 4039 -229
33 -722 1725
57 -6733 1684
53 -6585 1700
54 -6753 1997
61 -6828 2368
83 -793 5470
79 1183 5893
19 1153 4200
40 -1350 1395
8 -1053 1322
101 2985 -338
72 4224 -376
39 6944 -691
114 6536 -396
66 4479 500
64 2608 1279
34 3461 5234
99 1210 3903
22 1362 2759
25 1622 2537
14 1549 2329
108 1773 1751
74 611 1047
111 424 1656
47 -963 1754
76 -88 4893
104 1209 3918
86 1060 4303
103 517 1508
11 558 -3410
4 2356 -266
37 2648 551
75 2093 608
42 2647 804
123 2091 965
9 1585 2523
52 3677 1997
23 6295 -248
0 6555 -485
29 6555 -440
77 6630 -662
32 6761 -1018
84 10065 -3541
2 6556 -826
115 2610 759
5 2256 1426
113 1796 696
102 4444 39
3 4353 -227
94 6352 -693
28 6610 -395
24 6406 -203
60 3094 -40
***世代 2000 適応度 max -215611.0 (0) mean -279867.5 時間 15:53:15.505331
48 6282 -1406
12 10176 -3644
88 10064 -3422
31 5590 223
30 7384 320
98 6682 109
15 6536 -470
116 6186 -694
96 6334 -723
21 6184 -323
97 6720 -217
16 3665 541
17 1474 2477
109 1288 2863
110 1156 3397
91 1475 2314
10 1622 2478
41 7037 -675
89 10102 -3585
82 10066 -3689
80 10028 -3600
107 9954 -3497
87 9806 -3423
7 6426 -559
43 6204 -620
44 5109 250
27 5425 -163
55 3407 287
119 3167 212
73 2261 297
68 1074 945
13 336 5088
35 -498 5634
90 1246 3992
46 2054 1113
93 2996 1192
105 4462 84
78 5794 164
67 5628 -73
118 4130 -65
56 2762 -56
18 816 796
38 318 422
51 1324 -1058
45 1417 -1162
81 10269 -3629
106 10378 -3272
100 6461 -143
1 5645 282
124 4536 84
70 4019 97
120 3411 -440
36 3687 -186
69 2518 551
63 2646 982
122 2258 966
71 2386 1144
62 2216 1931
95 2383 1798
50 1384 1868
6 1678 2463
59 2877 3092
125 4537 -33
117 4186 -169
26 3242 153
85 914 -377
20 2481 595
112 2295 847
92 2199 1634
58 3219 1029
65 5647 -118
49 5331 207
121 4039 -229
33 -722 1725
57 -6733 1684
53 -6585 1700
54 -6753 1997
61 -6828 2368
83 -793 5470
79 1183 5893
19 1153 4200
40 -1350 1395
8 -1053 1322
101 2985 -338
72 4224 -376
39 6944 -691
114 6536 -396
66 4479 500
64 2608 1279
34 3461 5234
99 1210 3903
22 1362 2759
25 1622 2537
14 1549 2329
108 1773 1751
74 611 1047
111 424 1656
47 -963 1754
76 -88 4893
104 1209 3918
86 1060 4303
103 517 1508
11 558 -3410
4 2356 -266
37 2648 551
75 2093 608
42 2647 804
123 2091 965
9 1585 2523
52 3677 1997
23 6295 -248
0 6555 -485
29 6555 -440
77 6630 -662
32 6761 -1018
84 10065 -3541
2 6556 -826
115 2610 759
5 2256 1426
113 1796 696
102 4444 39
3 4353 -227
94 6352 -693
28 6610 -395
24 6406 -203
60 3094 -40
***世代 1999 適応度 max -215611.0 (0) mean -279867.5 時間 15:53:15.506274
48 6282 -1406
12 10176 -3644
88 10064 -3422
31 5590 223
30 7384 320
98 6682 109
15 6536 -470
116 6186 -694
96 6334 -723
21 6184 -323
97 6720 -217
16 3665 541
17 1474 2477
109 1288 2863
110 1156 3397
91 1475 2314
10 1622 2478
41 7037 -675
89 10102 -3585
82 10066 -3689
80 10028 -3600
107 9954 -3497
87 9806 -3423
7 6426 -559
43 6204 -620
44 5109 250
27 5425 -163
55 3407 287
119 3167 212
73 2261 297
68 1074 945
13 336 5088
35 -498 5634
90 1246 3992
46 2054 1113
93 2996 1192
105 4462 84
78 5794 164
67 5628 -73
118 4130 -65
56 2762 -56
18 816 796
38 318 422
51 1324 -1058
45 1417 -1162
81 10269 -3629
106 10378 -3272
100 6461 -143
1 5645 282
124 4536 84
70 4019 97
120 3411 -440
36 3687 -186
69 2518 551
63 2646 982
122 2258 966
71 2386 1144
62 2216 1931
95 2383 1798
50 1384 1868
6 1678 2463
59 2877 3092
125 4537 -33
117 4186 -169
26 3242 153
85 914 -377
20 2481 595
112 2295 847
92 2199 1634
58 3219 1029
65 5647 -118
49 5331 207
121 4039 -229
33 -722 1725
57 -6733 1684
53 -6585 1700
54 -6753 1997
61 -6828 2368
83 -793 5470
79 1183 5893
19 1153 4200
40 -1350 1395
8 -1053 1322
101 2985 -338
72 4224 -376
39 6944 -691
114 6536 -396
66 4479 500
64 2608 1279
34 3461 5234
99 1210 3903
22 1362 2759
25 1622 2537
14 1549 2329
108 1773 1751
74 611 1047
111 424 1656
47 -963 1754
76 -88 4893
104 1209 3918
86 1060 4303
103 517 1508
11 558 -3410
4 2356 -266
37 2648 551
75 2093 608
42 2647 804
123 2091 965
9 1585 2523
52 3677 1997
23 6295 -248
0 6555 -485
29 6555 -440
77 6630 -662
32 6761 -1018
84 10065 -3541
2 6556 -826
115 2610 759
5 2256 1426
113 1796 696
102 4444 39
3 4353 -227
94 6352 -693
28 6610 -395
24 6406 -203
60 3094 -40
