***世代 1 適応度 max -322835.0 (13) mean -387644.0 時間 15:59:44.538497
11 3405 852
50 2986 -545
75 3927 -6
68 561 -141
43 2388 5200
47 1064 3278
55 1413 4007
44 1394 4007
73 4131 -184
12 5779 -607
77 2129 861
66 241 1090
53 4148 172
25 10026 -3111
40 2830 1206
51 2800 -383
4 773 6873
56 -495 522
26 4444 173
28 881 2921
67 617 -229
42 2868 998
70 9953 -3230
19 6556 -752
36 5703 -310
32 5925 -235
27 1084 2922
9 2923 1072
2 6016 150
38 3368 777
10 3597 3407
71 2460 1145
48 1543 3785
6 -737 5203
34 5741 -488
45 2735 1799
74 3964 -185
14 1228 3932
0 1909 325
69 691 -140
41 10174 -3169
61 699 6664
31 6335 -946
23 734 7303
16 738 6382
52 2819 -576
24 864 7155
37 2739 908
29 2462 699
30 2796 626
49 1866 1825
65 10137 -3229
54 10230 -3243
60 1613 309
20 6519 -797
5 10121 -3689
64 10194 -3466
7 6371 -708
76 4371 -49
72 4743 -597
78 4519 -63
59 4388 99
35 4038 -214
63 6258 -352
46 5999 -309
18 5037 -239
21 2670 -220
13 2609 952
62 5908 -532
8 1758 1112
3 -3380 495
57 2288 2615
22 -6086 1702
15 791 6828
1 738 6367
58 1557 368
17 -6585 1640
33 5870 -399
39 7531 484
***世代 50 適応度 max -266281.0 (95) mean -300527.88 時間 15:59:49.583333
76 4371 -49
75 3927 -6
50 2986 -545
43 2388 5200
24 864 7155
1 738 6367
14 1228 3932
66 241 1090
13 2609 952
37 2739 908
61 699 6664
42 2868 998
77 2129 861
51 2800 -383
65 10137 -3229
25 10026 -3111
5 10121 -3689
36 5703 -310
73 4131 -184
4 773 6873
15 791 6828
56 -495 522
67 617 -229
45 2735 1799
20 6519 -797
28 881 2921
55 1413 4007
68 561 -141
32 5925 -235
31 6335 -946
9 2923 1072
38 3368 777
27 1084 2922
10 3597 3407
23 734 7303
11 3405 852
74 3964 -185
18 5037 -239
62 5908 -532
34 5741 -488
70 9953 -3230
0 1909 325
69 691 -140
22 -6086 1702
16 738 6382
6 -737 5203
57 2288 2615
44 1394 4007
26 4444 173
53 4148 172
30 2796 626
52 2819 -576
47 1064 3278
49 1866 1825
59 4388 99
54 10230 -3243
71 2460 1145
46 5999 -309
29 2462 699
41 10174 -3169
7 6371 -708
64 10194 -3466
48 1543 3785
72 4743 -597
78 4519 -63
63 6258 -352
2 6016 150
12 5779 -607
8 1758 1112
40 2830 1206
3 -3380 495
17 -6585 1640
60 1613 309
58 1557 368
21 2670 -220
35 4038 -214
19 6556 -752
33 5870 -399
39 7531 484
***世代 100 適応度 max -223427.0 (11) mean -253404.06 時間 15:59:55.118896
76 4371 -49
50 2986 -545
75 3927 -6
1 738 6367
43 2388 5200
14 1228 3932
24 864 7155
61 699 6664
37 2739 908
66 241 1090
13 2609 952
42 2868 998
77 2129 861
51 2800 -383
25 10026 -3111
65 10137 -3229
5 10121 -3689
36 5703 -310
73 4131 -184
4 773 6873
15 791 6828
28 881 2921
67 617 -229
56 -495 522
45 2735 1799
27 1084 2922
55 1413 4007
71 2460 1145
20 6519 -797
68 561 -141
9 2923 1072
11 3405 852
38 3368 777
31 6335 -946
32 5925 -235
18 5037 -239
34 5741 -488
70 9953 -3230
62 5908 -532
0 1909 325
47 1064 3278
22 -6086 1702
69 691 -140
6 -737 5203
23 734 7303
16 738 6382
44 1394 4007
26 4444 173
30 2796 626
57 2288 2615
52 2819 -576
53 4148 172
49 1866 1825
59 4388 99
41 10174 -3169
64 10194 -3466
54 10230 -3243
7 6371 -708
46 5999 -309
48 1543 3785
29 2462 699
74 3964 -185
72 4743 -597
78 4519 -63
63 6258 -352
2 6016 150
12 5779 -607
40 2830 1206
10 3597 3407
8 1758 1112
3 -3380 495
17 -6585 1640
60 1613 309
35 4038 -214
58 1557 368
21 2670 -220
19 6556 -752
33 5870 -399
39 7531 484
***世代 150 適応度 max -195191.0 (33) mean -219279.68 時間 16:00:02.801136
76 4371 -49
50 2986 -545
75 3927 -6
1 738 6367
43 2388 5200
14 1228 3932
24 864 7155
61 699 6664
37 2739 908
66 241 1090
13 2609 952
42 2868 998
77 2129 861
51 2800 -383
25 10026 -3111
65 10137 -3229
5 10121 -3689
36 5703 -310
73 4131 -184
4 773 6873
15 791 6828
28 881 2921
67 617 -229
56 -495 522
45 2735 1799
27 1084 2922
55 1413 4007
71 2460 1145
68 561 -141
11 3405 852
40 2830 1206
9 2923 1072
38 3368 777
18 5037 -239
34 5741 -488
31 6335 -946
20 6519 -797
70 9953 -3230
32 5925 -235
62 5908 -532
0 1909 325
69 691 -140
22 -6086 1702
6 -737 5203
23 734 7303
16 738 6382
44 1394 4007
47 1064 3278
57 2288 2615
26 4444 173
53 4148 172
30 2796 626
52 2819 -576
49 1866 1825
59 4388 99
54 10230 -3243
64 10194 -3466
41 10174 -3169
7 6371 -708
46 5999 -309
78 4519 -63
74 3964 -185
48 1543 3785
29 2462 699
2 6016 150
63 6258 -352
72 4743 -597
12 5779 -607
10 3597 3407
8 1758 1112
3 -3380 495
17 -6585 1640
60 1613 309
58 1557 368
21 2670 -220
35 4038 -214
19 6556 -752
33 5870 -399
39 7531 484
***世代 200 適応度 max -185723.0 (52) mean -205223.5 時間 16:00:10.954708
76 4371 -49
50 2986 -545
75 3927 -6
14 1228 3932
43 2388 5200
1 738 6367
24 864 7155
61 699 6664
37 2739 908
66 241 1090
13 2609 952
42 2868 998
77 2129 861
51 2800 -383
25 10026 -3111
65 10137 -3229
5 10121 -3689
36 5703 -310
73 4131 -184
4 773 6873
15 791 6828
28 881 2921
67 617 -229
56 -495 522
45 2735 1799
55 1413 4007
27 1084 2922
71 2460 1145
68 561 -141
11 3405 852
40 2830 1206
9 2923 1072
38 3368 777
18 5037 -239
34 5741 -488
20 6519 -797
70 9953 -3230
31 6335 -946
32 5925 -235
62 5908 -532
0 1909 325
69 691 -140
22 -6086 1702
6 -737 5203
23 734 7303
16 738 6382
44 1394 4007
47 1064 3278
57 2288 2615
49 1866 1825
26 4444 173
53 4148 172
52 2819 -576
30 2796 626
59 4388 99
54 10230 -3243
64 10194 -3466
41 10174 -3169
7 6371 -708
46 5999 -309
78 4519 -63
74 3964 -185
48 1543 3785
29 2462 699
72 4743 -597
63 6258 -352
2 6016 150
12 5779 -607
10 3597 3407
8 1758 1112
3 -3380 495
17 -6585 1640
60 1613 309
58 1557 368
21 2670 -220
35 4038 -214
19 6556 -752
33 5870 -399
39 7531 484
***世代 250 適応度 max -172084.0 (92) mean -199925.78 時間 16:00:22.084261
76 4371 -49
50 2986 -545
75 3927 -6
14 1228 3932
43 2388 5200
1 738 6367
24 864 7155
61 699 6664
37 2739 908
66 241 1090
13 2609 952
42 2868 998
77 2129 861
51 2800 -383
25 10026 -3111
65 10137 -3229
5 10121 -3689
36 5703 -310
73 4131 -184
4 773 6873
15 791 6828
28 881 2921
67 617 -229
56 -495 522
45 2735 1799
55 1413 4007
27 1084 2922
71 2460 1145
68 561 -141
52 2819 -576
40 2830 1206
9 2923 1072
38 3368 777
18 5037 -239
20 6519 -797
31 6335 -946
19 6556 -752
70 9953 -3230
62 5908 -532
32 5925 -235
69 691 -140
17 -6585 1640
22 -6086 1702
6 -737 5203
23 734 7303
16 738 6382
47 1064 3278
44 1394 4007
48 1543 3785
57 2288 2615
30 2796 626
49 1866 1825
11 3405 852
53 4148 172
59 4388 99
26 4444 173
41 10174 -3169
54 10230 -3243
64 10194 -3466
7 6371 -708
46 5999 -309
78 4519 -63
74 3964 -185
29 2462 699
72 4743 -597
2 6016 150
63 6258 -352
12 5779 -607
10 3597 3407
8 1758 1112
3 -3380 495
0 1909 325
60 1613 309
58 1557 368
21 2670 -220
35 4038 -214
34 5741 -488
33 5870 -399
39 7531 484
***世代 300 適応度 max -168355.0 (86) mean -178190.33 時間 16:00:32.980380
76 4371 -49
50 2986 -545
75 3927 -6
14 1228 3932
43 2388 5200
24 864 7155
61 699 6664
1 738 6367
37 2739 908
66 241 1090
13 2609 952
42 2868 998
77 2129 861
51 2800 -383
25 10026 -3111
65 10137 -3229
5 10121 -3689
36 5703 -310
73 4131 -184
4 773 6873
15 791 6828
28 881 2921
67 617 -229
56 -495 522
45 2735 1799
55 1413 4007
27 1084 2922
71 2460 1145
68 561 -141
52 2819 -576
40 2830 1206
9 2923 1072
38 3368 777
18 5037 -239
32 5925 -235
19 6556 -752
20 6519 -797
31 6335 -946
70 9953 -3230
62 5908 -532
69 691 -140
17 -6585 1640
22 -6086 1702
6 -737 5203
23 734 7303
16 738 6382
44 1394 4007
48 1543 3785
47 1064 3278
57 2288 2615
49 1866 1825
30 2796 626
11 3405 852
53 4148 172
26 4444 173
59 4388 99
64 10194 -3466
41 10174 -3169
54 10230 -3243
7 6371 -708
46 5999 -309
78 4519 -63
74 3964 -185
29 2462 699
72 4743 -597
12 5779 -607
2 6016 150
63 6258 -352
10 3597 3407
8 1758 1112
3 -3380 495
0 1909 325
58 1557 368
60 1613 309
21 2670 -220
35 4038 -214
34 5741 -488
33 5870 -399
39 7531 484
***世代 350 適応度 max -167120.0 (51) mean -183940.24 時間 16:00:43.589215
76 4371 -49
50 2986 -545
75 3927 -6
14 1228 3932
43 2388 5200
24 864 7155
61 699 6664
1 738 6367
37 2739 908
66 241 1090
13 2609 952
42 2868 998
77 2129 861
51 2800 -383
25 10026 -3111
65 10137 -3229
5 10121 -3689
36 5703 -310
73 4131 -184
4 773 6873
15 791 6828
28 881 2921
47 1064 3278
48 1543 3785
44 1394 4007
16 738 6382
23 734 7303
6 -737 5203
22 -6086 1702
17 -6585 1640
69 691 -140
62 5908 -532
31 6335 -946
20 6519 -797
70 9953 -3230
19 6556 -752
32 5925 -235
18 5037 -239
38 3368 777
9 2923 1072
40 2830 1206
52 2819 -576
68 561 -141
71 2460 1145
27 1084 2922
55 1413 4007
45 2735 1799
56 -495 522
67 617 -229
49 1866 1825
57 2288 2615
30 2796 626
11 3405 852
53 4148 172
78 4519 -63
59 4388 99
26 4444 173
41 10174 -3169
54 10230 -3243
64 10194 -3466
7 6371 -708
46 5999 -309
74 3964 -185
29 2462 699
72 4743 -597
12 5779 -607
2 6016 150
63 6258 -352
10 3597 3407
8 1758 1112
3 -3380 495
0 1909 325
58 1557 368
60 1613 309
21 2670 -220
35 4038 -214
34 5741 -488
33 5870 -399
39 7531 484
***世代 400 適応度 max -167120.0 (8) mean -211423.57 時間 16:00:56.339771
76 4371 -49
50 2986 -545
75 3927 -6
14 1228 3932
43 2388 5200
24 864 7155
61 699 6664
1 738 6367
37 2739 908
66 241 1090
13 2609 952
42 2868 998
77 2129 861
51 2800 -383
25 10026 -3111
65 10137 -3229
5 10121 -3689
36 5703 -310
73 4131 -184
4 773 6873
15 791 6828
28 881 2921
47 1064 3278
48 1543 3785
44 1394 4007
16 738 6382
23 734 7303
6 -737 5203
22 -6086 1702
17 -6585 1640
69 691 -140
62 5908 -532
31 6335 -946
20 6519 -797
70 9953 -3230
19 6556 -752
32 5925 -235
18 5037 -239
38 3368 777
9 2923 1072
40 2830 1206
52 2819 -576
68 561 -141
71 2460 1145
27 1084 2922
55 1413 4007
45 2735 1799
56 -495 522
67 617 -229
49 1866 1825
57 2288 2615
30 2796 626
11 3405 852
53 4148 172
78 4519 -63
59 4388 99
26 4444 173
41 10174 -3169
54 10230 -3243
64 10194 -3466
7 6371 -708
46 5999 -309
74 3964 -185
29 2462 699
72 4743 -597
12 5779 -607
2 6016 150
63 6258 -352
10 3597 3407
8 1758 1112
3 -3380 495
0 1909 325
58 1557 368
60 1613 309
21 2670 -220
35 4038 -214
34 5741 -488
33 5870 -399
39 7531 484
***世代 450 適応度 max -164538.0 (52) mean -172394.01 時間 16:01:08.109024
76 4371 -49
50 2986 -545
75 3927 -6
14 1228 3932
43 2388 5200
24 864 7155
61 699 6664
1 738 6367
37 2739 908
66 241 1090
13 2609 952
42 2868 998
77 2129 861
51 2800 -383
25 10026 -3111
65 10137 -3229
5 10121 -3689
36 5703 -310
73 4131 -184
4 773 6873
15 791 6828
28 881 2921
47 1064 3278
48 1543 3785
44 1394 4007
16 738 6382
23 734 7303
6 -737 5203
22 -6086 1702
17 -6585 1640
69 691 -140
62 5908 -532
31 6335 -946
20 6519 -797
70 9953 -3230
19 6556 -752
32 5925 -235
18 5037 -239
52 2819 -576
38 3368 777
40 2830 1206
9 2923 1072
71 2460 1145
68 561 -141
67 617 -229
45 2735 1799
55 1413 4007
27 1084 2922
56 -495 522
49 1866 1825
57 2288 2615
30 2796 626
11 3405 852
53 4148 172
78 4519 -63
59 4388 99
26 4444 173
64 10194 -3466
54 10230 -3243
41 10174 -3169
7 6371 -708
46 5999 -309
74 3964 -185
29 2462 699
72 4743 -597
12 5779 -607
2 6016 150
63 6258 -352
10 3597 3407
8 1758 1112
3 -3380 495
0 1909 325
58 1557 368
60 1613 309
21 2670 -220
35 4038 -214
34 5741 -488
33 5870 -399
39 7531 484
***世代 500 適応度 max -160208.0 (81) mean -163983.51 時間 16:01:18.381770
76 4371 -49
50 2986 -545
75 3927 -6
14 1228 3932
43 2388 5200
24 864 7155
61 699 6664
1 738 6367
37 2739 908
66 241 1090
13 2609 952
42 2868 998
77 2129 861
51 2800 -383
25 10026 -3111
65 10137 -3229
5 10121 -3689
36 5703 -310
73 4131 -184
4 773 6873
15 791 6828
28 881 2921
47 1064 3278
48 1543 3785
44 1394 4007
16 738 6382
23 734 7303
6 -737 5203
22 -6086 1702
17 -6585 1640
69 691 -140
62 5908 -532
20 6519 -797
31 6335 -946
19 6556 -752
70 9953 -3230
32 5925 -235
18 5037 -239
52 2819 -576
11 3405 852
9 2923 1072
40 2830 1206
71 2460 1145
49 1866 1825
67 617 -229
68 561 -141
56 -495 522
55 1413 4007
27 1084 2922
57 2288 2615
45 2735 1799
30 2796 626
38 3368 777
53 4148 172
78 4519 -63
59 4388 99
26 4444 173
64 10194 -3466
54 10230 -3243
41 10174 -3169
7 6371 -708
46 5999 -309
74 3964 -185
29 2462 699
72 4743 -597
12 5779 -607
2 6016 150
63 6258 -352
10 3597 3407
8 1758 1112
3 -3380 495
0 1909 325
58 1557 368
60 1613 309
21 2670 -220
35 4038 -214
34 5741 -488
33 5870 -399
39 7531 484
***世代 550 適応度 max -157459.0 (0) mean -178039.4 時間 16:01:28.506274
76 4371 -49
50 2986 -545
75 3927 -6
68 561 -141
56 -495 522
67 617 -229
71 2460 1145
40 2830 1206
9 2923 1072
38 3368 777
52 2819 -576
32 5925 -235
77 2129 861
19 6556 -752
31 6335 -946
20 6519 -797
62 5908 -532
18 5037 -239
69 691 -140
17 -6585 1640
22 -6086 1702
6 -737 5203
23 734 7303
16 738 6382
44 1394 4007
48 1543 3785
47 1064 3278
28 881 2921
15 791 6828
4 773 6873
73 4131 -184
36 5703 -310
5 10121 -3689
65 10137 -3229
25 10026 -3111
70 9953 -3230
51 2800 -383
42 2868 998
13 2609 952
66 241 1090
37 2739 908
1 738 6367
61 699 6664
24 864 7155
43 2388 5200
14 1228 3932
27 1084 2922
55 1413 4007
45 2735 1799
57 2288 2615
49 1866 1825
30 2796 626
11 3405 852
53 4148 172
78 4519 -63
59 4388 99
26 4444 173
41 10174 -3169
54 10230 -3243
64 10194 -3466
7 6371 -708
46 5999 -309
74 3964 -185
29 2462 699
72 4743 -597
12 5779 -607
2 6016 150
63 6258 -352
10 3597 3407
8 1758 1112
3 -3380 495
0 1909 325
58 1557 368
60 1613 309
21 2670 -220
35 4038 -214
34 5741 -488
33 5870 -399
39 7531 484
***世代 600 適応度 max -156063.0 (34) mean -215738.86 時間 16:01:34.440061
76 4371 -49
50 2986 -545
75 3927 -6
68 561 -141
56 -495 522
67 617 -229
71 2460 1145
40 2830 1206
9 2923 1072
66 241 1090
52 2819 -576
32 5925 -235
51 2800 -383
31 6335 -946
20 6519 -797
62 5908 -532
36 5703 -310
69 691 -140
17 -6585 1640
22 -6086 1702
6 -737 5203
23 734 7303
16 738 6382
44 1394 4007
48 1543 3785
47 1064 3278
28 881 2921
15 791 6828
4 773 6873
73 4131 -184
18 5037 -239
5 10121 -3689
65 10137 -3229
25 10026 -3111
70 9953 -3230
19 6556 -752
77 2129 861
42 2868 998
13 2609 952
38 3368 777
37 2739 908
1 738 6367
61 699 6664
24 864 7155
43 2388 5200
14 1228 3932
27 1084 2922
55 1413 4007
45 2735 1799
57 2288 2615
49 1866 1825
30 2796 626
11 3405 852
53 4148 172
78 4519 -63
59 4388 99
26 4444 173
41 10174 -3169
54 10230 -3243
64 10194 -3466
7 6371 -708
46 5999 -309
74 3964 -185
29 2462 699
72 4743 -597
12 5779 -607
2 6016 150
63 6258 -352
10 3597 3407
8 1758 1112
3 -3380 495
0 1909 325
58 1557 368
60 1613 309
21 2670 -220
35 4038 -214
34 5741 -488
33 5870 -399
39 7531 484
***世代 650 適応度 max -150631.0 (16) mean -181426.89 時間 16:01:44.399205
76 4371 -49
50 2986 -545
75 3927 -6
68 561 -141
56 -495 522
67 617 -229
71 2460 1145
40 2830 1206
9 2923 1072
52 2819 -576
51 2800 -383
38 3368 777
32 5925 -235
20 6519 -797
19 6556 -752
31 6335 -946
62 5908 -532
18 5037 -239
69 691 -140
17 -6585 1640
22 -6086 1702
6 -737 5203
23 734 7303
16 738 6382
44 1394 4007
48 1543 3785
47 1064 3278
28 881 2921
15 791 6828
4 773 6873
73 4131 -184
36 5703 -310
5 10121 -3689
65 10137 -3229
25 10026 -3111
70 9953 -3230
77 2129 861
42 2868 998
13 2609 952
66 241 1090
37 2739 908
1 738 6367
61 699 6664
24 864 7155
43 2388 5200
14 1228 3932
27 1084 2922
55 1413 4007
45 2735 1799
57 2288 2615
49 1866 1825
30 2796 626
11 3405 852
53 4148 172
78 4519 -63
59 4388 99
26 4444 173
41 10174 -3169
54 10230 -3243
64 10194 -3466
7 6371 -708
46 5999 -309
74 3964 -185
29 2462 699
72 4743 -597
12 5779 -607
2 6016 150
63 6258 -352
10 3597 3407
8 1758 1112
3 -3380 495
0 1909 325
58 1557 368
60 1613 309
21 2670 -220
35 4038 -214
34 5741 -488
33 5870 -399
39 7531 484
***世代 700 適応度 max -148034.0 (56) mean -158344.16 時間 16:01:51.607903
76 4371 -49
50 2986 -545
75 3927 -6
68 561 -141
67 617 -229
71 2460 1145
40 2830 1206
9 2923 1072
38 3368 777
52 2819 -576
51 2800 -383
32 5925 -235
20 6519 -797
31 6335 -946
19 6556 -752
62 5908 -532
18 5037 -239
69 691 -140
56 -495 522
17 -6585 1640
22 -6086 1702
6 -737 5203
23 734 7303
16 738 6382
44 1394 4007
48 1543 3785
47 1064 3278
28 881 2921
15 791 6828
4 773 6873
73 4131 -184
36 5703 -310
70 9953 -3230
65 10137 -3229
25 10026 -3111
5 10121 -3689
77 2129 861
42 2868 998
13 2609 952
66 241 1090
37 2739 908
1 738 6367
61 699 6664
24 864 7155
43 2388 5200
14 1228 3932
27 1084 2922
55 1413 4007
45 2735 1799
57 2288 2615
49 1866 1825
30 2796 626
11 3405 852
53 4148 172
78 4519 -63
59 4388 99
26 4444 173
41 10174 -3169
54 10230 -3243
64 10194 -3466
7 6371 -708
46 5999 -309
74 3964 -185
29 2462 699
72 4743 -597
12 5779 -607
2 6016 150
63 6258 -352
10 3597 3407
8 1758 1112
3 -3380 495
0 1909 325
58 1557 368
60 1613 309
21 2670 -220
35 4038 -214
34 5741 -488
33 5870 -399
39 7531 484
***世代 750 適応度 max -147527.0 (30) mean -157734.32 時間 16:01:57.364215
76 4371 -49
50 2986 -545
75 3927 -6
68 561 -141
67 617 -229
71 2460 1145
40 2830 1206
9 2923 1072
38 3368 777
51 2800 -383
52 2819 -576
32 5925 -235
31 6335 -946
20 6519 -797
19 6556 -752
62 5908 -532
18 5037 -239
69 691 -140
56 -495 522
17 -6585 1640
22 -6086 1702
6 -737 5203
23 734 7303
16 738 6382
44 1394 4007
48 1543 3785
47 1064 3278
28 881 2921
15 791 6828
4 773 6873
73 4131 -184
36 5703 -310
25 10026 -3111
65 10137 -3229
70 9953 -3230
5 10121 -3689
77 2129 861
42 2868 998
13 2609 952
66 241 1090
37 2739 908
1 738 6367
61 699 6664
24 864 7155
43 2388 5200
14 1228 3932
27 1084 2922
55 1413 4007
45 2735 1799
57 2288 2615
49 1866 1825
30 2796 626
11 3405 852
53 4148 172
78 4519 -63
59 4388 99
26 4444 173
41 10174 -3169
54 10230 -3243
64 10194 -3466
7 6371 -708
46 5999 -309
74 3964 -185
29 2462 699
72 4743 -597
12 5779 -607
2 6016 150
63 6258 -352
10 3597 3407
8 1758 1112
3 -3380 495
0 1909 325
58 1557 368
60 1613 309
21 2670 -220
35 4038 -214
34 5741 -488
33 5870 -399
39 7531 484
***世代 800 適応度 max -143227.0 (14) mean -149239.3 時間 16:02:03.564318
76 4371 -49
50 2986 -545
75 3927 -6
68 561 -141
67 617 -229
71 2460 1145
40 2830 1206
9 2923 1072
38 3368 777
51 2800 -383
52 2819 -576
32 5925 -235
19 6556 -752
20 6519 -797
31 6335 -946
62 5908 -532
18 5037 -239
69 691 -140
56 -495 522
17 -6585 1640
22 -6086 1702
6 -737 5203
23 734 7303
16 738 6382
44 1394 4007
48 1543 3785
47 1064 3278
28 881 2921
15 791 6828
4 773 6873
73 4131 -184
36 5703 -310
5 10121 -3689
65 10137 -3229
25 10026 -3111
70 9953 -3230
30 2796 626
42 2868 998
13 2609 952
45 2735 1799
37 2739 908
1 738 6367
61 699 6664
24 864 7155
43 2388 5200
14 1228 3932
55 1413 4007
27 1084 2922
66 241 1090
57 2288 2615
49 1866 1825
77 2129 861
11 3405 852
53 4148 172
59 4388 99
26 4444 173
78 4519 -63
41 10174 -3169
54 10230 -3243
64 10194 -3466
7 6371 -708
46 5999 -309
74 3964 -185
29 2462 699
72 4743 -597
12 5779 -607
2 6016 150
63 6258 -352
10 3597 3407
8 1758 1112
3 -3380 495
0 1909 325
58 1557 368
60 1613 309
21 2670 -220
35 4038 -214
34 5741 -488
33 5870 -399
39 7531 484
***世代 850 適応度 max -136488.0 (66) mean -140400.7 時間 16:02:10.050669
76 4371 -49
50 2986 -545
75 3927 -6
68 561 -141
67 617 -229
71 2460 1145
40 2830 1206
9 2923 1072
38 3368 777
51 2800 -383
52 2819 -576
31 6335 -946
19 6556 -752
20 6519 -797
32 5925 -235
62 5908 -532
18 5037 -239
69 691 -140
56 -495 522
17 -6585 1640
22 -6086 1702
6 -737 5203
16 738 6382
23 734 7303
4 773 6873
15 791 6828
28 881 2921
47 1064 3278
48 1543 3785
44 1394 4007
73 4131 -184
36 5703 -310
5 10121 -3689
65 10137 -3229
25 10026 -3111
70 9953 -3230
30 2796 626
42 2868 998
13 2609 952
45 2735 1799
57 2288 2615
1 738 6367
61 699 6664
24 864 7155
43 2388 5200
14 1228 3932
55 1413 4007
27 1084 2922
66 241 1090
37 2739 908
49 1866 1825
77 2129 861
11 3405 852
53 4148 172
59 4388 99
26 4444 173
78 4519 -63
41 10174 -3169
54 10230 -3243
64 10194 -3466
7 6371 -708
46 5999 -309
74 3964 -185
29 2462 699
72 4743 -597
12 5779 -607
2 6016 150
63 6258 -352
10 3597 3407
8 1758 1112
3 -3380 495
0 1909 325
58 1557 368
60 1613 309
21 2670 -220
35 4038 -214
34 5741 -488
33 5870 -399
39 7531 484
***世代 900 適応度 max -134090.0 (6) mean -153018.88 時間 16:02:18.707731
76 4371 -49
50 2986 -545
75 3927 -6
68 561 -141
67 617 -229
71 2460 1145
40 2830 1206
9 2923 1072
38 3368 777
51 2800 -383
52 2819 -576
31 6335 -946
20 6519 -797
19 6556 -752
32 5925 -235
62 5908 -532
18 5037 -239
69 691 -140
56 -495 522
17 -6585 1640
22 -6086 1702
6 -737 5203
16 738 6382
61 699 6664
4 773 6873
15 791 6828
28 881 2921
47 1064 3278
44 1394 4007
48 1543 3785
73 4131 -184
36 5703 -310
5 10121 -3689
65 10137 -3229
25 10026 -3111
70 9953 -3230
30 2796 626
42 2868 998
13 2609 952
45 2735 1799
57 2288 2615
1 738 6367
23 734 7303
24 864 7155
43 2388 5200
14 1228 3932
55 1413 4007
27 1084 2922
49 1866 1825
66 241 1090
77 2129 861
37 2739 908
11 3405 852
53 4148 172
59 4388 99
26 4444 173
78 4519 -63
41 10174 -3169
64 10194 -3466
54 10230 -3243
7 6371 -708
46 5999 -309
74 3964 -185
29 2462 699
72 4743 -597
12 5779 -607
2 6016 150
63 6258 -352
10 3597 3407
8 1758 1112
3 -3380 495
0 1909 325
58 1557 368
60 1613 309
21 2670 -220
35 4038 -214
34 5741 -488
33 5870 -399
39 7531 484
***世代 950 適応度 max -132075.0 (6) mean -155029.54 時間 16:02:26.754760
76 4371 -49
50 2986 -545
75 3927 -6
68 561 -141
67 617 -229
71 2460 1145
40 2830 1206
9 2923 1072
38 3368 777
51 2800 -383
52 2819 -576
31 6335 -946
20 6519 -797
19 6556 -752
32 5925 -235
62 5908 -532
18 5037 -239
69 691 -140
56 -495 522
8 1758 1112
10 3597 3407
63 6258 -352
2 6016 150
12 5779 -607
72 4743 -597
29 2462 699
74 3964 -185
46 5999 -309
7 6371 -708
64 10194 -3466
54 10230 -3243
41 10174 -3169
78 4519 -63
26 4444 173
59 4388 99
53 4148 172
11 3405 852
49 1866 1825
77 2129 861
37 2739 908
66 241 1090
27 1084 2922
14 1228 3932
55 1413 4007
43 2388 5200
24 864 7155
23 734 7303
57 2288 2615
45 2735 1799
42 2868 998
13 2609 952
30 2796 626
70 9953 -3230
25 10026 -3111
65 10137 -3229
5 10121 -3689
73 4131 -184
36 5703 -310
48 1543 3785
44 1394 4007
47 1064 3278
28 881 2921
1 738 6367
15 791 6828
4 773 6873
61 699 6664
16 738 6382
6 -737 5203
22 -6086 1702
17 -6585 1640
3 -3380 495
0 1909 325
58 1557 368
60 1613 309
21 2670 -220
35 4038 -214
34 5741 -488
33 5870 -399
39 7531 484
***世代 1000 適応度 max -132075.0 (6) mean -157189.08 時間 16:02:34.597873
76 4371 -49
50 2986 -545
75 3927 -6
68 561 -141
67 617 -229
71 2460 1145
40 2830 1206
9 2923 1072
38 3368 777
51 2800 -383
52 2819 -576
31 6335 -946
20 6519 -797
19 6556 -752
32 5925 -235
62 5908 -532
18 5037 -239
69 691 -140
56 -495 522
8 1758 1112
10 3597 3407
63 6258 -352
2 6016 150
12 5779 -607
72 4743 -597
29 2462 699
74 3964 -185
46 5999 -309
7 6371 -708
64 10194 -3466
54 10230 -3243
41 10174 -3169
78 4519 -63
26 4444 173
59 4388 99
53 4148 172
11 3405 852
49 1866 1825
77 2129 861
37 2739 908
66 241 1090
27 1084 2922
14 1228 3932
55 1413 4007
43 2388 5200
24 864 7155
23 734 7303
57 2288 2615
45 2735 1799
42 2868 998
13 2609 952
30 2796 626
70 9953 -3230
25 10026 -3111
65 10137 -3229
5 10121 -3689
73 4131 -184
36 5703 -310
48 1543 3785
44 1394 4007
47 1064 3278
28 881 2921
1 738 6367
15 791 6828
4 773 6873
61 699 6664
16 738 6382
6 -737 5203
22 -6086 1702
17 -6585 1640
3 -3380 495
0 1909 325
58 1557 368
60 1613 309
21 2670 -220
35 4038 -214
34 5741 -488
33 5870 -399
39 7531 484
***世代 1050 適応度 max -131625.0 (59) mean -155267.63 時間 16:02:43.730073
76 4371 -49
50 2986 -545
75 3927 -6
68 561 -141
67 617 -229
71 2460 1145
40 2830 1206
9 2923 1072
38 3368 777
51 2800 -383
52 2819 -576
31 6335 -946
20 6519 -797
19 6556 -752
32 5925 -235
62 5908 -532
18 5037 -239
69 691 -140
56 -495 522
8 1758 1112
10 3597 3407
63 6258 -352
2 6016 150
12 5779 -607
72 4743 -597
29 2462 699
74 3964 -185
46 5999 -309
7 6371 -708
64 10194 -3466
54 10230 -3243
41 10174 -3169
78 4519 -63
26 4444 173
59 4388 99
53 4148 172
11 3405 852
49 1866 1825
77 2129 861
13 2609 952
66 241 1090
27 1084 2922
14 1228 3932
55 1413 4007
43 2388 5200
24 864 7155
23 734 7303
57 2288 2615
45 2735 1799
42 2868 998
37 2739 908
30 2796 626
70 9953 -3230
25 10026 -3111
65 10137 -3229
5 10121 -3689
73 4131 -184
36 5703 -310
48 1543 3785
44 1394 4007
47 1064 3278
28 881 2921
1 738 6367
15 791 6828
4 773 6873
61 699 6664
16 738 6382
6 -737 5203
22 -6086 1702
17 -6585 1640
3 -3380 495
0 1909 325
58 1557 368
60 1613 309
21 2670 -220
35 4038 -214
34 5741 -488
33 5870 -399
39 7531 484
***世代 1100 適応度 max -131625.0 (45) mean -224774.27 時間 16:02:56.460055
76 4371 -49
50 2986 -545
75 3927 -6
68 561 -141
67 617 -229
71 2460 1145
40 2830 1206
9 2923 1072
38 3368 777
51 2800 -383
52 2819 -576
31 6335 -946
20 6519 -797
19 6556 -752
32 5925 -235
62 5908 -532
18 5037 -239
69 691 -140
56 -495 522
8 1758 1112
10 3597 3407
63 6258 -352
2 6016 150
12 5779 -607
72 4743 -597
29 2462 699
74 3964 -185
46 5999 -309
7 6371 -708
64 10194 -3466
54 10230 -3243
41 10174 -3169
78 4519 -63
26 4444 173
59 4388 99
53 4148 172
11 3405 852
49 1866 1825
77 2129 861
13 2609 952
66 241 1090
27 1084 2922
14 1228 3932
55 1413 4007
43 2388 5200
24 864 7155
23 734 7303
57 2288 2615
45 2735 1799
42 2868 998
37 2739 908
30 2796 626
70 9953 -3230
25 10026 -3111
65 10137 -3229
5 10121 -3689
73 4131 -184
36 5703 -310
48 1543 3785
44 1394 4007
47 1064 3278
28 881 2921
1 738 6367
15 791 6828
4 773 6873
61 699 6664
16 738 6382
6 -737 5203
22 -6086 1702
17 -6585 1640
3 -3380 495
0 1909 325
58 1557 368
60 1613 309
21 2670 -220
35 4038 -214
34 5741 -488
33 5870 -399
39 7531 484
***世代 1150 適応度 max -131541.0 (18) mean -177071.0 時間 16:03:04.774115
76 4371 -49
50 2986 -545
75 3927 -6
68 561 -141
67 617 -229
71 2460 1145
40 2830 1206
9 2923 1072
38 3368 777
51 2800 -383
52 2819 -576
31 6335 -946
20 6519 -797
19 6556 -752
32 5925 -235
62 5908 -532
18 5037 -239
69 691 -140
56 -495 522
8 1758 1112
10 3597 3407
63 6258 -352
2 6016 150
12 5779 -607
72 4743 -597
37 2739 908
42 2868 998
45 2735 1799
57 2288 2615
23 734 7303
24 864 7155
43 2388 5200
44 1394 4007
55 1413 4007
14 1228 3932
27 1084 2922
66 241 1090
13 2609 952
77 2129 861
49 1866 1825
11 3405 852
53 4148 172
59 4388 99
78 4519 -63
5 10121 -3689
41 10174 -3169
54 10230 -3243
64 10194 -3466
7 6371 -708
46 5999 -309
74 3964 -185
29 2462 699
30 2796 626
70 9953 -3230
25 10026 -3111
65 10137 -3229
26 4444 173
73 4131 -184
36 5703 -310
48 1543 3785
47 1064 3278
28 881 2921
1 738 6367
15 791 6828
4 773 6873
61 699 6664
16 738 6382
6 -737 5203
22 -6086 1702
17 -6585 1640
3 -3380 495
0 1909 325
58 1557 368
60 1613 309
21 2670 -220
35 4038 -214
34 5741 -488
33 5870 -399
39 7531 484
***世代 1200 適応度 max -131113.0 (25) mean -176337.4 時間 16:03:10.741452
76 4371 -49
50 2986 -545
75 3927 -6
68 561 -141
67 617 -229
71 2460 1145
40 2830 1206
9 2923 1072
38 3368 777
51 2800 -383
52 2819 -576
31 6335 -946
20 6519 -797
19 6556 -752
32 5925 -235
62 5908 -532
18 5037 -239
69 691 -140
56 -495 522
8 1758 1112
10 3597 3407
63 6258 -352
2 6016 150
12 5779 -607
72 4743 -597
29 2462 699
37 2739 908
42 2868 998
45 2735 1799
57 2288 2615
23 734 7303
24 864 7155
43 2388 5200
44 1394 4007
55 1413 4007
14 1228 3932
27 1084 2922
66 241 1090
13 2609 952
77 2129 861
49 1866 1825
11 3405 852
53 4148 172
59 4388 99
78 4519 -63
5 10121 -3689
41 10174 -3169
54 10230 -3243
64 10194 -3466
7 6371 -708
46 5999 -309
74 3964 -185
30 2796 626
70 9953 -3230
25 10026 -3111
65 10137 -3229
73 4131 -184
36 5703 -310
26 4444 173
48 1543 3785
47 1064 3278
28 881 2921
1 738 6367
15 791 6828
4 773 6873
61 699 6664
16 738 6382
6 -737 5203
22 -6086 1702
17 -6585 1640
3 -3380 495
0 1909 325
58 1557 368
60 1613 309
21 2670 -220
35 4038 -214
34 5741 -488
33 5870 -399
39 7531 484
***世代 1250 適応度 max -128694.0 (15) mean -134178.94 時間 16:03:19.384546
76 4371 -49
50 2986 -545
75 3927 -6
68 561 -141
67 617 -229
71 2460 1145
40 2830 1206
9 2923 1072
38 3368 777
51 2800 -383
52 2819 -576
31 6335 -946
20 6519 -797
19 6556 -752
32 5925 -235
62 5908 -532
18 5037 -239
69 691 -140
56 -495 522
8 1758 1112
10 3597 3407
63 6258 -352
2 6016 150
12 5779 -607
72 4743 -597
29 2462 699
37 2739 908
42 2868 998
45 2735 1799
57 2288 2615
43 2388 5200
23 734 7303
24 864 7155
44 1394 4007
55 1413 4007
14 1228 3932
27 1084 2922
66 241 1090
49 1866 1825
77 2129 861
13 2609 952
11 3405 852
53 4148 172
59 4388 99
78 4519 -63
64 10194 -3466
5 10121 -3689
54 10230 -3243
41 10174 -3169
7 6371 -708
46 5999 -309
74 3964 -185
30 2796 626
70 9953 -3230
25 10026 -3111
65 10137 -3229
73 4131 -184
36 5703 -310
26 4444 173
48 1543 3785
47 1064 3278
28 881 2921
1 738 6367
15 791 6828
4 773 6873
61 699 6664
16 738 6382
6 -737 5203
22 -6086 1702
17 -6585 1640
3 -3380 495
0 1909 325
58 1557 368
60 1613 309
21 2670 -220
35 4038 -214
34 5741 -488
33 5870 -399
39 7531 484
***世代 1300 適応度 max -125598.0 (78) mean -137626.94 時間 16:03:28.588287
76 4371 -49
50 2986 -545
75 3927 -6
68 561 -141
67 617 -229
71 2460 1145
40 2830 1206
9 2923 1072
38 3368 777
51 2800 -383
52 2819 -576
31 6335 -946
20 6519 -797
19 6556 -752
32 5925 -235
62 5908 -532
18 5037 -239
69 691 -140
56 -495 522
8 1758 1112
10 3597 3407
63 6258 -352
2 6016 150
12 5779 -607
72 4743 -597
29 2462 699
37 2739 908
42 2868 998
45 2735 1799
57 2288 2615
43 2388 5200
24 864 7155
23 734 7303
55 1413 4007
44 1394 4007
14 1228 3932
27 1084 2922
66 241 1090
77 2129 861
13 2609 952
49 1866 1825
11 3405 852
53 4148 172
78 4519 -63
59 4388 99
5 10121 -3689
41 10174 -3169
64 10194 -3466
54 10230 -3243
7 6371 -708
46 5999 -309
74 3964 -185
30 2796 626
70 9953 -3230
25 10026 -3111
65 10137 -3229
39 7531 484
33 5870 -399
34 5741 -488
35 4038 -214
21 2670 -220
60 1613 309
58 1557 368
0 1909 325
3 -3380 495
17 -6585 1640
22 -6086 1702
6 -737 5203
16 738 6382
61 699 6664
4 773 6873
15 791 6828
1 738 6367
28 881 2921
47 1064 3278
48 1543 3785
26 4444 173
36 5703 -310
73 4131 -184
***世代 1350 適応度 max -123825.0 (9) mean -157860.26 時間 16:03:38.039088
76 4371 -49
50 2986 -545
75 3927 -6
68 561 -141
67 617 -229
71 2460 1145
40 2830 1206
9 2923 1072
38 3368 777
51 2800 -383
52 2819 -576
31 6335 -946
20 6519 -797
19 6556 -752
32 5925 -235
62 5908 -532
18 5037 -239
69 691 -140
56 -495 522
8 1758 1112
10 3597 3407
63 6258 -352
2 6016 150
12 5779 -607
72 4743 -597
29 2462 699
37 2739 908
42 2868 998
45 2735 1799
57 2288 2615
43 2388 5200
24 864 7155
23 734 7303
44 1394 4007
55 1413 4007
14 1228 3932
27 1084 2922
66 241 1090
49 1866 1825
77 2129 861
13 2609 952
11 3405 852
53 4148 172
59 4388 99
78 4519 -63
64 10194 -3466
5 10121 -3689
54 10230 -3243
41 10174 -3169
7 6371 -708
46 5999 -309
74 3964 -185
30 2796 626
70 9953 -3230
25 10026 -3111
65 10137 -3229
39 7531 484
36 5703 -310
26 4444 173
48 1543 3785
47 1064 3278
28 881 2921
1 738 6367
15 791 6828
4 773 6873
61 699 6664
16 738 6382
6 -737 5203
22 -6086 1702
17 -6585 1640
3 -3380 495
0 1909 325
58 1557 368
60 1613 309
21 2670 -220
35 4038 -214
34 5741 -488
33 5870 -399
73 4131 -184
***世代 1400 適応度 max -122704.0 (21) mean -138506.37 時間 16:03:47.711991
76 4371 -49
50 2986 -545
75 3927 -6
68 561 -141
67 617 -229
71 2460 1145
40 2830 1206
9 2923 1072
38 3368 777
51 2800 -383
52 2819 -576
31 6335 -946
20 6519 -797
19 6556 -752
32 5925 -235
62 5908 -532
18 5037 -239
69 691 -140
56 -495 522
8 1758 1112
10 3597 3407
63 6258 -352
2 6016 150
12 5779 -607
72 4743 -597
29 2462 699
37 2739 908
42 2868 998
45 2735 1799
57 2288 2615
43 2388 5200
24 864 7155
23 734 7303
44 1394 4007
55 1413 4007
14 1228 3932
27 1084 2922
66 241 1090
49 1866 1825
77 2129 861
13 2609 952
11 3405 852
53 4148 172
59 4388 99
78 4519 -63
64 10194 -3466
5 10121 -3689
54 10230 -3243
41 10174 -3169
7 6371 -708
74 3964 -185
30 2796 626
46 5999 -309
25 10026 -3111
65 10137 -3229
70 9953 -3230
39 7531 484
36 5703 -310
26 4444 173
47 1064 3278
28 881 2921
48 1543 3785
1 738 6367
15 791 6828
4 773 6873
61 699 6664
16 738 6382
6 -737 5203
22 -6086 1702
17 -6585 1640
3 -3380 495
58 1557 368
60 1613 309
0 1909 325
21 2670 -220
35 4038 -214
34 5741 -488
33 5870 -399
73 4131 -184
***世代 1450 適応度 max -120161.0 (59) mean -130155.41 時間 16:03:56.320222
76 4371 -49
50 2986 -545
75 3927 -6
68 561 -141
67 617 -229
71 2460 1145
40 2830 1206
9 2923 1072
38 3368 777
51 2800 -383
52 2819 -576
31 6335 -946
20 6519 -797
19 6556 -752
32 5925 -235
62 5908 -532
18 5037 -239
69 691 -140
56 -495 522
8 1758 1112
10 3597 3407
2 6016 150
63 6258 -352
12 5779 -607
72 4743 -597
29 2462 699
37 2739 908
42 2868 998
45 2735 1799
57 2288 2615
43 2388 5200
24 864 7155
23 734 7303
44 1394 4007
55 1413 4007
14 1228 3932
27 1084 2922
66 241 1090
49 1866 1825
77 2129 861
13 2609 952
11 3405 852
30 2796 626
74 3964 -185
78 4519 -63
64 10194 -3466
5 10121 -3689
54 10230 -3243
41 10174 -3169
7 6371 -708
59 4388 99
53 4148 172
46 5999 -309
25 10026 -3111
65 10137 -3229
70 9953 -3230
39 7531 484
36 5703 -310
26 4444 173
47 1064 3278
28 881 2921
48 1543 3785
1 738 6367
15 791 6828
4 773 6873
61 699 6664
16 738 6382
6 -737 5203
22 -6086 1702
17 -6585 1640
3 -3380 495
58 1557 368
60 1613 309
0 1909 325
21 2670 -220
35 4038 -214
34 5741 -488
33 5870 -399
73 4131 -184
***世代 1500 適応度 max -107399.0 (46) mean -135991.79 時間 16:04:04.835873
76 4371 -49
50 2986 -545
75 3927 -6
68 561 -141
67 617 -229
71 2460 1145
40 2830 1206
9 2923 1072
38 3368 777
51 2800 -383
52 2819 -576
31 6335 -946
20 6519 -797
19 6556 -752
32 5925 -235
62 5908 -532
18 5037 -239
69 691 -140
56 -495 522
8 1758 1112
10 3597 3407
2 6016 150
63 6258 -352
12 5779 -607
72 4743 -597
29 2462 699
37 2739 908
42 2868 998
45 2735 1799
57 2288 2615
43 2388 5200
24 864 7155
23 734 7303
44 1394 4007
55 1413 4007
14 1228 3932
27 1084 2922
66 241 1090
49 1866 1825
77 2129 861
13 2609 952
11 3405 852
30 2796 626
74 3964 -185
53 4148 172
59 4388 99
78 4519 -63
7 6371 -708
64 10194 -3466
54 10230 -3243
5 10121 -3689
25 10026 -3111
65 10137 -3229
41 10174 -3169
70 9953 -3230
39 7531 484
46 5999 -309
36 5703 -310
26 4444 173
47 1064 3278
28 881 2921
48 1543 3785
1 738 6367
61 699 6664
4 773 6873
15 791 6828
16 738 6382
6 -737 5203
22 -6086 1702
17 -6585 1640
3 -3380 495
58 1557 368
60 1613 309
0 1909 325
21 2670 -220
35 4038 -214
34 5741 -488
33 5870 -399
73 4131 -184
***世代 1550 適応度 max -106721.0 (7) mean -115072.02 時間 16:04:13.752203
76 4371 -49
50 2986 -545
75 3927 -6
68 561 -141
67 617 -229
71 2460 1145
40 2830 1206
9 2923 1072
38 3368 777
51 2800 -383
52 2819 -576
31 6335 -946
20 6519 -797
19 6556 -752
32 5925 -235
62 5908 -532
18 5037 -239
69 691 -140
56 -495 522
8 1758 1112
10 3597 3407
2 6016 150
63 6258 -352
12 5779 -607
72 4743 -597
29 2462 699
37 2739 908
42 2868 998
45 2735 1799
57 2288 2615
43 2388 5200
24 864 7155
23 734 7303
44 1394 4007
55 1413 4007
14 1228 3932
27 1084 2922
66 241 1090
49 1866 1825
77 2129 861
13 2609 952
11 3405 852
30 2796 626
74 3964 -185
53 4148 172
59 4388 99
78 4519 -63
7 6371 -708
25 10026 -3111
5 10121 -3689
64 10194 -3466
54 10230 -3243
41 10174 -3169
65 10137 -3229
70 9953 -3230
39 7531 484
46 5999 -309
36 5703 -310
26 4444 173
47 1064 3278
28 881 2921
48 1543 3785
1 738 6367
15 791 6828
4 773 6873
61 699 6664
16 738 6382
6 -737 5203
22 -6086 1702
17 -6585 1640
3 -3380 495
58 1557 368
60 1613 309
0 1909 325
21 2670 -220
35 4038 -214
34 5741 -488
33 5870 -399
73 4131 -184
***世代 1600 適応度 max -105062.0 (66) mean -117174.95 時間 16:04:20.878389
76 4371 -49
50 2986 -545
75 3927 -6
38 3368 777
9 2923 1072
40 2830 1206
71 2460 1145
67 617 -229
68 561 -141
51 2800 -383
52 2819 -576
19 6556 -752
20 6519 -797
31 6335 -946
32 5925 -235
62 5908 -532
18 5037 -239
69 691 -140
56 -495 522
8 1758 1112
10 3597 3407
2 6016 150
63 6258 -352
12 5779 -607
72 4743 -597
29 2462 699
37 2739 908
42 2868 998
45 2735 1799
57 2288 2615
43 2388 5200
24 864 7155
23 734 7303
44 1394 4007
55 1413 4007
14 1228 3932
27 1084 2922
66 241 1090
49 1866 1825
77 2129 861
13 2609 952
30 2796 626
11 3405 852
74 3964 -185
53 4148 172
59 4388 99
78 4519 -63
7 6371 -708
5 10121 -3689
64 10194 -3466
41 10174 -3169
25 10026 -3111
65 10137 -3229
54 10230 -3243
70 9953 -3230
39 7531 484
46 5999 -309
36 5703 -310
26 4444 173
47 1064 3278
28 881 2921
48 1543 3785
1 738 6367
15 791 6828
4 773 6873
61 699 6664
16 738 6382
6 -737 5203
22 -6086 1702
17 -6585 1640
3 -3380 495
58 1557 368
60 1613 309
0 1909 325
21 2670 -220
35 4038 -214
34 5741 -488
33 5870 -399
73 4131 -184
***世代 1650 適応度 max -103483.0 (20) mean -115565.99 時間 16:04:26.517244
76 4371 -49
18 5037 -239
62 5908 -532
32 5925 -235
31 6335 -946
20 6519 -797
19 6556 -752
52 2819 -576
51 2800 -383
68 561 -141
67 617 -229
71 2460 1145
40 2830 1206
9 2923 1072
38 3368 777
75 3927 -6
50 2986 -545
69 691 -140
56 -495 522
8 1758 1112
10 3597 3407
2 6016 150
63 6258 -352
12 5779 -607
72 4743 -597
29 2462 699
37 2739 908
42 2868 998
45 2735 1799
57 2288 2615
43 2388 5200
24 864 7155
23 734 7303
14 1228 3932
44 1394 4007
55 1413 4007
27 1084 2922
66 241 1090
49 1866 1825
77 2129 861
13 2609 952
11 3405 852
30 2796 626
74 3964 -185
53 4148 172
59 4388 99
78 4519 -63
7 6371 -708
25 10026 -3111
64 10194 -3466
41 10174 -3169
5 10121 -3689
65 10137 -3229
54 10230 -3243
70 9953 -3230
39 7531 484
46 5999 -309
36 5703 -310
26 4444 173
47 1064 3278
28 881 2921
48 1543 3785
1 738 6367
15 791 6828
4 773 6873
61 699 6664
16 738 6382
6 -737 5203
22 -6086 1702
17 -6585 1640
3 -3380 495
58 1557 368
60 1613 309
0 1909 325
21 2670 -220
35 4038 -214
34 5741 -488
33 5870 -399
73 4131 -184
***世代 1700 適応度 max -102328.0 (32) mean -120636.6 時間 16:04:31.678011
76 4371 -49
18 5037 -239
62 5908 -532
32 5925 -235
31 6335 -946
20 6519 -797
19 6556 -752
52 2819 -576
51 2800 -383
68 561 -141
67 617 -229
71 2460 1145
40 2830 1206
9 2923 1072
38 3368 777
75 3927 -6
50 2986 -545
69 691 -140
56 -495 522
8 1758 1112
10 3597 3407
2 6016 150
63 6258 -352
12 5779 -607
72 4743 -597
29 2462 699
37 2739 908
42 2868 998
45 2735 1799
57 2288 2615
43 2388 5200
24 864 7155
23 734 7303
14 1228 3932
44 1394 4007
55 1413 4007
27 1084 2922
66 241 1090
49 1866 1825
77 2129 861
13 2609 952
30 2796 626
11 3405 852
74 3964 -185
53 4148 172
59 4388 99
78 4519 -63
7 6371 -708
25 10026 -3111
5 10121 -3689
64 10194 -3466
41 10174 -3169
65 10137 -3229
54 10230 -3243
70 9953 -3230
39 7531 484
46 5999 -309
36 5703 -310
26 4444 173
47 1064 3278
28 881 2921
48 1543 3785
1 738 6367
15 791 6828
4 773 6873
61 699 6664
16 738 6382
6 -737 5203
22 -6086 1702
17 -6585 1640
3 -3380 495
58 1557 368
60 1613 309
0 1909 325
21 2670 -220
35 4038 -214
34 5741 -488
33 5870 -399
73 4131 -184
***世代 1750 適応度 max -102107.0 (5) mean -107001.01 時間 16:04:36.554354
76 4371 -49
18 5037 -239
62 5908 -532
32 5925 -235
31 6335 -946
20 6519 -797
19 6556 -752
52 2819 -576
51 2800 -383
68 561 -141
67 617 -229
71 2460 1145
40 2830 1206
9 2923 1072
38 3368 777
75 3927 -6
50 2986 -545
69 691 -140
56 -495 522
8 1758 1112
10 3597 3407
2 6016 150
63 6258 -352
12 5779 -607
72 4743 -597
29 2462 699
37 2739 908
42 2868 998
45 2735 1799
57 2288 2615
43 2388 5200
24 864 7155
23 734 7303
44 1394 4007
55 1413 4007
14 1228 3932
27 1084 2922
66 241 1090
49 1866 1825
77 2129 861
13 2609 952
30 2796 626
11 3405 852
74 3964 -185
53 4148 172
59 4388 99
78 4519 -63
7 6371 -708
25 10026 -3111
5 10121 -3689
64 10194 -3466
65 10137 -3229
54 10230 -3243
41 10174 -3169
70 9953 -3230
39 7531 484
46 5999 -309
36 5703 -310
26 4444 173
47 1064 3278
28 881 2921
48 1543 3785
1 738 6367
15 791 6828
4 773 6873
61 699 6664
16 738 6382
6 -737 5203
22 -6086 1702
17 -6585 1640
3 -3380 495
58 1557 368
60 1613 309
0 1909 325
21 2670 -220
35 4038 -214
34 5741 -488
33 5870 -399
73 4131 -184
***世代 1800 適応度 max -101850.0 (19) mean -112719.01 時間 16:04:41.987894
76 4371 -49
18 5037 -239
32 5925 -235
62 5908 -532
31 6335 -946
20 6519 -797
19 6556 -752
52 2819 -576
51 2800 -383
68 561 -141
67 617 -229
71 2460 1145
40 2830 1206
9 2923 1072
38 3368 777
75 3927 -6
50 2986 -545
69 691 -140
56 -495 522
8 1758 1112
10 3597 3407
2 6016 150
63 6258 -352
12 5779 -607
72 4743 -597
29 2462 699
37 2739 908
42 2868 998
45 2735 1799
57 2288 2615
43 2388 5200
24 864 7155
23 734 7303
44 1394 4007
55 1413 4007
14 1228 3932
27 1084 2922
66 241 1090
49 1866 1825
77 2129 861
13 2609 952
30 2796 626
11 3405 852
74 3964 -185
53 4148 172
59 4388 99
78 4519 -63
7 6371 -708
25 10026 -3111
5 10121 -3689
64 10194 -3466
65 10137 -3229
54 10230 -3243
41 10174 -3169
70 9953 -3230
39 7531 484
46 5999 -309
36 5703 -310
26 4444 173
47 1064 3278
28 881 2921
48 1543 3785
1 738 6367
15 791 6828
4 773 6873
61 699 6664
16 738 6382
6 -737 5203
22 -6086 1702
17 -6585 1640
3 -3380 495
58 1557 368
60 1613 309
0 1909 325
21 2670 -220
35 4038 -214
34 5741 -488
33 5870 -399
73 4131 -184
***世代 1850 適応度 max -101836.0 (75) mean -120414.64 時間 16:04:48.381504
76 4371 -49
18 5037 -239
32 5925 -235
62 5908 -532
31 6335 -946
20 6519 -797
19 6556 -752
52 2819 -576
51 2800 -383
68 561 -141
67 617 -229
71 2460 1145
40 2830 1206
9 2923 1072
38 3368 777
75 3927 -6
50 2986 -545
69 691 -140
56 -495 522
8 1758 1112
10 3597 3407
2 6016 150
63 6258 -352
12 5779 -607
72 4743 -597
29 2462 699
37 2739 908
42 2868 998
45 2735 1799
57 2288 2615
43 2388 5200
24 864 7155
23 734 7303
55 1413 4007
44 1394 4007
14 1228 3932
27 1084 2922
66 241 1090
49 1866 1825
77 2129 861
13 2609 952
30 2796 626
11 3405 852
74 3964 -185
53 4148 172
59 4388 99
78 4519 -63
7 6371 -708
25 10026 -3111
5 10121 -3689
64 10194 -3466
65 10137 -3229
54 10230 -3243
41 10174 -3169
70 9953 -3230
39 7531 484
46 5999 -309
36 5703 -310
26 4444 173
47 1064 3278
28 881 2921
48 1543 3785
1 738 6367
15 791 6828
4 773 6873
61 699 6664
16 738 6382
6 -737 5203
22 -6086 1702
17 -6585 1640
3 -3380 495
58 1557 368
60 1613 309
0 1909 325
21 2670 -220
35 4038 -214
34 5741 -488
33 5870 -399
73 4131 -184
***世代 1900 適応度 max -101836.0 (5) mean -105370.36 時間 16:04:54.436000
76 4371 -49
18 5037 -239
32 5925 -235
62 5908 -532
31 6335 -946
20 6519 -797
19 6556 -752
52 2819 -576
51 2800 -383
68 561 -141
67 617 -229
71 2460 1145
40 2830 1206
9 2923 1072
38 3368 777
75 3927 -6
50 2986 -545
69 691 -140
56 -495 522
8 1758 1112
10 3597 3407
2 6016 150
63 6258 -352
12 5779 -607
72 4743 -597
29 2462 699
37 2739 908
42 2868 998
45 2735 1799
57 2288 2615
43 2388 5200
24 864 7155
23 734 7303
55 1413 4007
44 1394 4007
14 1228 3932
27 1084 2922
66 241 1090
49 1866 1825
77 2129 861
13 2609 952
30 2796 626
11 3405 852
74 3964 -185
53 4148 172
59 4388 99
78 4519 -63
7 6371 -708
25 10026 -3111
5 10121 -3689
64 10194 -3466
65 10137 -3229
54 10230 -3243
41 10174 -3169
70 9953 -3230
39 7531 484
46 5999 -309
36 5703 -310
26 4444 173
47 1064 3278
28 881 2921
48 1543 3785
1 738 6367
15 791 6828
4 773 6873
61 699 6664
16 738 6382
6 -737 5203
22 -6086 1702
17 -6585 1640
3 -3380 495
58 1557 368
60 1613 309
0 1909 325
21 2670 -220
35 4038 -214
34 5741 -488
33 5870 -399
73 4131 -184
***世代 1950 適応度 max -101790.0 (10) mean -112692.13 時間 16:05:01.760302
76 4371 -49
18 5037 -239
32 5925 -235
62 5908 -532
31 6335 -946
20 6519 -797
19 6556 -752
52 2819 -576
51 2800 -383
69 691 -140
68 561 -141
67 617 -229
71 2460 1145
40 2830 1206
9 2923 1072
38 3368 777
75 3927 -6
50 2986 -545
56 -495 522
8 1758 1112
10 3597 3407
2 6016 150
63 6258 -352
12 5779 -607
72 4743 -597
29 2462 699
37 2739 908
42 2868 998
45 2735 1799
57 2288 2615
43 2388 5200
24 864 7155
23 734 7303
55 1413 4007
44 1394 4007
14 1228 3932
27 1084 2922
66 241 1090
49 1866 1825
77 2129 861
13 2609 952
30 2796 626
11 3405 852
74 3964 -185
53 4148 172
59 4388 99
78 4519 -63
7 6371 -708
25 10026 -3111
5 10121 -3689
64 10194 -3466
65 10137 -3229
54 10230 -3243
41 10174 -3169
70 9953 -3230
39 7531 484
46 5999 -309
36 5703 -310
26 4444 173
47 1064 3278
28 881 2921
48 1543 3785
1 738 6367
15 791 6828
4 773 6873
61 699 6664
16 738 6382
6 -737 5203
22 -6086 1702
17 -6585 1640
3 -3380 495
58 1557 368
60 1613 309
0 1909 325
21 2670 -220
35 4038 -214
34 5741 -488
33 5870 -399
73 4131 -184
***世代 2000 適応度 max -101790.0 (1) mean -105133.96 時間 16:05:08.437484
76 4371 -49
18 5037 -239
32 5925 -235
62 5908 -532
31 6335 -946
20 6519 -797
19 6556 -752
52 2819 -576
51 2800 -383
69 691 -140
68 561 -141
67 617 -229
71 2460 1145
40 2830 1206
9 2923 1072
38 3368 777
75 3927 -6
50 2986 -545
56 -495 522
8 1758 1112
10 3597 3407
2 6016 150
63 6258 -352
12 5779 -607
72 4743 -597
29 2462 699
37 2739 908
42 2868 998
45 2735 1799
57 2288 2615
43 2388 5200
24 864 7155
23 734 7303
55 1413 4007
44 1394 4007
14 1228 3932
27 1084 2922
66 241 1090
49 1866 1825
77 2129 861
13 2609 952
30 2796 626
11 3405 852
74 3964 -185
53 4148 172
59 4388 99
78 4519 -63
7 6371 -708
25 10026 -3111
5 10121 -3689
64 10194 -3466
65 10137 -3229
54 10230 -3243
41 10174 -3169
70 9953 -3230
39 7531 484
46 5999 -309
36 5703 -310
26 4444 173
47 1064 3278
28 881 2921
48 1543 3785
1 738 6367
15 791 6828
4 773 6873
61 699 6664
16 738 6382
6 -737 5203
22 -6086 1702
17 -6585 1640
3 -3380 495
58 1557 368
60 1613 309
0 1909 325
21 2670 -220
35 4038 -214
34 5741 -488
33 5870 -399
73 4131 -184
***世代 1999 適応度 max -101790.0 (1) mean -105133.96 時間 16:05:08.439342
76 4371 -49
18 5037 -239
32 5925 -235
62 5908 -532
31 6335 -946
20 6519 -797
19 6556 -752
52 2819 -576
51 2800 -383
69 691 -140
68 561 -141
67 617 -229
71 2460 1145
40 2830 1206
9 2923 1072
38 3368 777
75 3927 -6
50 2986 -545
56 -495 522
8 1758 1112
10 3597 3407
2 6016 150
63 6258 -352
12 5779 -607
72 4743 -597
29 2462 699
37 2739 908
42 2868 998
45 2735 1799
57 2288 2615
43 2388 5200
24 864 7155
23 734 7303
55 1413 4007
44 1394 4007
14 1228 3932
27 1084 2922
66 241 1090
49 1866 1825
77 2129 861
13 2609 952
30 2796 626
11 3405 852
74 3964 -185
53 4148 172
59 4388 99
78 4519 -63
7 6371 -708
25 10026 -3111
5 10121 -3689
64 10194 -3466
65 10137 -3229
54 10230 -3243
41 10174 -3169
70 9953 -3230
39 7531 484
46 5999 -309
36 5703 -310
26 4444 173
47 1064 3278
28 881 2921
48 1543 3785
1 738 6367
15 791 6828
4 773 6873
61 699 6664
16 738 6382
6 -737 5203
22 -6086 1702
17 -6585 1640
3 -3380 495
58 1557 368
60 1613 309
0 1909 325
21 2670 -220
35 4038 -214
34 5741 -488
33 5870 -399
73 4131 -184
