***世代 1 適応度 max -366538.0 (17) mean -428382.12 時間 16:07:44.910291
58 -217 4818
72 1051 2015
70 540 4777
52 10234 -4000
33 10343 -3658
0 1056 812
56 5479 237
62 920 7037
32 1413 3963
54 3723 6
5 2812 1176
6 2198 1827
7 3464 -23
9 6386 108
48 1095 4898
59 10340 -3035
73 5631 -652
11 5203 -179
39 5723 -548
51 6073 -294
17 -850 1442
74 3944 201
55 1900 2450
29 618 -467
36 10156 -3258
20 1012 2386
10 5686 -474
30 10192 -3065
34 765 -303
75 4594 -315
60 985 4511
46 5963 -458
31 10212 -3421
21 10174 -3140
26 6056 -517
15 280 4984
13 132 5132
65 3371 124
40 1186 753
25 1131 4942
27 1462 5419
61 2423 1174
50 10137 -3169
67 5667 -489
28 2532 1754
41 1295 1243
66 10304 -3272
53 279 5474
37 2390 327
19 10101 -3244
22 10063 -3110
68 3335 -128
71 10156 -3273
35 10120 -3407
1 5921 640
43 3962 260
3 3999 230
63 6185 -397
47 4093 38
8 2254 1842
45 296 5667
2 262 5102
4 764 -95
14 281 4880
69 3300 3688
57 2423 1174
42 1295 1199
64 1428 4765
18 114 5057
12 765 -214
49 10248 -3124
24 701 6352
44 445 5445
16 281 4776
38 1132 4853
23 10065 -3556
***世代 50 適応度 max -285407.0 (33) mean -339632.16 時間 16:07:49.758388
33 10343 -3658
46 5963 -458
56 5479 237
10 5686 -474
1 5921 640
55 1900 2450
14 281 4880
64 1428 4765
70 540 4777
62 920 7037
6 2198 1827
72 1051 2015
50 10137 -3169
19 10101 -3244
7 3464 -23
9 6386 108
11 5203 -179
60 985 4511
29 618 -467
32 1413 3963
48 1095 4898
2 262 5102
42 1295 1199
61 2423 1174
13 132 5132
75 4594 -315
17 -850 1442
12 765 -214
74 3944 201
22 10063 -3110
23 10065 -3556
63 6185 -397
8 2254 1842
43 3962 260
25 1131 4942
15 280 4984
53 279 5474
37 2390 327
54 3723 6
34 765 -303
5 2812 1176
71 10156 -3273
31 10212 -3421
66 10304 -3272
30 10192 -3065
28 2532 1754
0 1056 812
18 114 5057
45 296 5667
40 1186 753
65 3371 124
39 5723 -548
41 1295 1243
52 10234 -4000
3 3999 230
36 10156 -3258
26 6056 -517
20 1012 2386
4 764 -95
69 3300 3688
57 2423 1174
49 10248 -3124
59 10340 -3035
51 6073 -294
44 445 5445
58 -217 4818
27 1462 5419
67 5667 -489
21 10174 -3140
35 10120 -3407
73 5631 -652
16 281 4776
24 701 6352
38 1132 4853
47 4093 38
68 3335 -128
***世代 100 適応度 max -264578.0 (0) mean -320817.23 時間 16:07:56.163358
33 10343 -3658
46 5963 -458
56 5479 237
1 5921 640
10 5686 -474
3 3999 230
55 1900 2450
14 281 4880
64 1428 4765
70 540 4777
62 920 7037
6 2198 1827
72 1051 2015
50 10137 -3169
19 10101 -3244
7 3464 -23
9 6386 108
11 5203 -179
29 618 -467
48 1095 4898
32 1413 3963
2 262 5102
42 1295 1199
13 132 5132
17 -850 1442
61 2423 1174
12 765 -214
75 4594 -315
74 3944 201
22 10063 -3110
23 10065 -3556
43 3962 260
54 3723 6
5 2812 1176
25 1131 4942
15 280 4984
53 279 5474
24 701 6352
34 765 -303
71 10156 -3273
59 10340 -3035
30 10192 -3065
31 10212 -3421
66 10304 -3272
28 2532 1754
18 114 5057
0 1056 812
60 985 4511
40 1186 753
39 5723 -548
49 10248 -3124
52 10234 -4000
45 296 5667
8 2254 1842
65 3371 124
63 6185 -397
26 6056 -517
36 10156 -3258
37 2390 327
57 2423 1174
4 764 -95
41 1295 1243
20 1012 2386
51 6073 -294
58 -217 4818
69 3300 3688
44 445 5445
27 1462 5419
67 5667 -489
21 10174 -3140
35 10120 -3407
73 5631 -652
38 1132 4853
16 281 4776
47 4093 38
68 3335 -128
***世代 150 適応度 max -229056.0 (70) mean -267345.65 時間 16:08:03.463190
33 10343 -3658
46 5963 -458
56 5479 237
3 3999 230
1 5921 640
10 5686 -474
55 1900 2450
64 1428 4765
14 281 4880
70 540 4777
62 920 7037
72 1051 2015
6 2198 1827
50 10137 -3169
19 10101 -3244
7 3464 -23
9 6386 108
11 5203 -179
29 618 -467
48 1095 4898
32 1413 3963
13 132 5132
2 262 5102
42 1295 1199
17 -850 1442
61 2423 1174
12 765 -214
74 3944 201
75 4594 -315
23 10065 -3556
22 10063 -3110
43 3962 260
54 3723 6
5 2812 1176
25 1131 4942
18 114 5057
53 279 5474
24 701 6352
15 280 4984
34 765 -303
71 10156 -3273
30 10192 -3065
31 10212 -3421
66 10304 -3272
59 10340 -3035
28 2532 1754
60 985 4511
0 1056 812
40 1186 753
65 3371 124
26 6056 -517
39 5723 -548
49 10248 -3124
36 10156 -3258
63 6185 -397
52 10234 -4000
8 2254 1842
37 2390 327
57 2423 1174
4 764 -95
41 1295 1243
20 1012 2386
51 6073 -294
45 296 5667
58 -217 4818
44 445 5445
27 1462 5419
69 3300 3688
67 5667 -489
35 10120 -3407
21 10174 -3140
73 5631 -652
38 1132 4853
16 281 4776
47 4093 38
68 3335 -128
***世代 200 適応度 max -205442.0 (9) mean -226402.47 時間 16:08:13.882484
33 10343 -3658
46 5963 -458
56 5479 237
3 3999 230
1 5921 640
10 5686 -474
55 1900 2450
64 1428 4765
14 281 4880
70 540 4777
62 920 7037
72 1051 2015
6 2198 1827
50 10137 -3169
19 10101 -3244
7 3464 -23
9 6386 108
11 5203 -179
29 618 -467
32 1413 3963
48 1095 4898
13 132 5132
2 262 5102
17 -850 1442
42 1295 1199
12 765 -214
61 2423 1174
74 3944 201
75 4594 -315
23 10065 -3556
22 10063 -3110
43 3962 260
54 3723 6
5 2812 1176
15 280 4984
25 1131 4942
53 279 5474
24 701 6352
34 765 -303
71 10156 -3273
66 10304 -3272
31 10212 -3421
30 10192 -3065
59 10340 -3035
28 2532 1754
18 114 5057
60 985 4511
40 1186 753
0 1056 812
39 5723 -548
26 6056 -517
49 10248 -3124
36 10156 -3258
52 10234 -4000
63 6185 -397
65 3371 124
37 2390 327
57 2423 1174
8 2254 1842
4 764 -95
41 1295 1243
20 1012 2386
58 -217 4818
27 1462 5419
45 296 5667
44 445 5445
69 3300 3688
51 6073 -294
21 10174 -3140
35 10120 -3407
67 5667 -489
73 5631 -652
38 1132 4853
16 281 4776
47 4093 38
68 3335 -128
***世代 250 適応度 max -202186.0 (30) mean -229295.54 時間 16:08:25.193422
33 10343 -3658
46 5963 -458
56 5479 237
3 3999 230
1 5921 640
10 5686 -474
55 1900 2450
64 1428 4765
14 281 4880
70 540 4777
62 920 7037
72 1051 2015
11 5203 -179
50 10137 -3169
19 10101 -3244
7 3464 -23
9 6386 108
6 2198 1827
29 618 -467
73 5631 -652
67 5667 -489
35 10120 -3407
21 10174 -3140
51 6073 -294
69 3300 3688
44 445 5445
45 296 5667
27 1462 5419
58 -217 4818
20 1012 2386
41 1295 1243
37 2390 327
4 764 -95
8 2254 1842
57 2423 1174
65 3371 124
63 6185 -397
52 10234 -4000
36 10156 -3258
49 10248 -3124
26 6056 -517
39 5723 -548
40 1186 753
0 1056 812
60 985 4511
18 114 5057
28 2532 1754
59 10340 -3035
30 10192 -3065
71 10156 -3273
66 10304 -3272
31 10212 -3421
34 765 -303
24 701 6352
53 279 5474
25 1131 4942
15 280 4984
5 2812 1176
54 3723 6
43 3962 260
22 10063 -3110
23 10065 -3556
75 4594 -315
74 3944 201
61 2423 1174
12 765 -214
42 1295 1199
17 -850 1442
2 262 5102
13 132 5132
48 1095 4898
32 1413 3963
38 1132 4853
16 281 4776
47 4093 38
68 3335 -128
***世代 300 適応度 max -200762.0 (90) mean -228786.47 時間 16:08:34.942179
33 10343 -3658
46 5963 -458
56 5479 237
3 3999 230
1 5921 640
10 5686 -474
55 1900 2450
64 1428 4765
14 281 4880
70 540 4777
62 920 7037
72 1051 2015
6 2198 1827
50 10137 -3169
19 10101 -3244
7 3464 -23
9 6386 108
11 5203 -179
29 618 -467
73 5631 -652
67 5667 -489
35 10120 -3407
21 10174 -3140
51 6073 -294
69 3300 3688
44 445 5445
45 296 5667
27 1462 5419
58 -217 4818
20 1012 2386
41 1295 1243
37 2390 327
4 764 -95
8 2254 1842
57 2423 1174
65 3371 124
63 6185 -397
52 10234 -4000
36 10156 -3258
49 10248 -3124
26 6056 -517
39 5723 -548
40 1186 753
0 1056 812
60 985 4511
18 114 5057
28 2532 1754
59 10340 -3035
30 10192 -3065
71 10156 -3273
66 10304 -3272
31 10212 -3421
34 765 -303
24 701 6352
53 279 5474
25 1131 4942
15 280 4984
5 2812 1176
54 3723 6
43 3962 260
22 10063 -3110
23 10065 -3556
75 4594 -315
74 3944 201
61 2423 1174
12 765 -214
42 1295 1199
17 -850 1442
2 262 5102
13 132 5132
48 1095 4898
32 1413 3963
38 1132 4853
16 281 4776
47 4093 38
68 3335 -128
***世代 350 適応度 max -196246.0 (67) mean -221191.26 時間 16:08:41.719397
33 10343 -3658
46 5963 -458
56 5479 237
3 3999 230
1 5921 640
10 5686 -474
55 1900 2450
29 618 -467
6 2198 1827
72 1051 2015
7 3464 -23
11 5203 -179
19 10101 -3244
50 10137 -3169
9 6386 108
62 920 7037
70 540 4777
14 281 4880
64 1428 4765
48 1095 4898
58 -217 4818
13 132 5132
2 262 5102
17 -850 1442
12 765 -214
42 1295 1199
61 2423 1174
74 3944 201
75 4594 -315
23 10065 -3556
22 10063 -3110
43 3962 260
54 3723 6
5 2812 1176
25 1131 4942
53 279 5474
24 701 6352
15 280 4984
34 765 -303
31 10212 -3421
66 10304 -3272
71 10156 -3273
30 10192 -3065
59 10340 -3035
28 2532 1754
18 114 5057
60 985 4511
40 1186 753
0 1056 812
39 5723 -548
26 6056 -517
49 10248 -3124
36 10156 -3258
52 10234 -4000
63 6185 -397
65 3371 124
37 2390 327
57 2423 1174
4 764 -95
8 2254 1842
41 1295 1243
20 1012 2386
44 445 5445
45 296 5667
27 1462 5419
32 1413 3963
69 3300 3688
51 6073 -294
21 10174 -3140
35 10120 -3407
67 5667 -489
73 5631 -652
38 1132 4853
16 281 4776
47 4093 38
68 3335 -128
***世代 400 適応度 max -195957.0 (5) mean -262731.52 時間 16:08:49.159329
33 10343 -3658
46 5963 -458
56 5479 237
3 3999 230
1 5921 640
10 5686 -474
55 1900 2450
29 618 -467
6 2198 1827
72 1051 2015
7 3464 -23
11 5203 -179
19 10101 -3244
50 10137 -3169
9 6386 108
62 920 7037
70 540 4777
14 281 4880
64 1428 4765
48 1095 4898
58 -217 4818
13 132 5132
2 262 5102
17 -850 1442
12 765 -214
42 1295 1199
61 2423 1174
74 3944 201
75 4594 -315
23 10065 -3556
71 10156 -3273
22 10063 -3110
43 3962 260
54 3723 6
5 2812 1176
25 1131 4942
53 279 5474
24 701 6352
15 280 4984
34 765 -303
31 10212 -3421
66 10304 -3272
30 10192 -3065
59 10340 -3035
28 2532 1754
18 114 5057
60 985 4511
0 1056 812
40 1186 753
39 5723 -548
26 6056 -517
49 10248 -3124
36 10156 -3258
52 10234 -4000
63 6185 -397
65 3371 124
37 2390 327
57 2423 1174
4 764 -95
8 2254 1842
41 1295 1243
20 1012 2386
44 445 5445
45 296 5667
27 1462 5419
32 1413 3963
69 3300 3688
51 6073 -294
21 10174 -3140
35 10120 -3407
67 5667 -489
73 5631 -652
38 1132 4853
16 281 4776
47 4093 38
68 3335 -128
***世代 450 適応度 max -190892.0 (91) mean -211738.26 時間 16:08:56.447347
69 3300 3688
32 1413 3963
27 1462 5419
45 296 5667
44 445 5445
20 1012 2386
41 1295 1243
4 764 -95
57 2423 1174
8 2254 1842
37 2390 327
65 3371 124
63 6185 -397
52 10234 -4000
36 10156 -3258
49 10248 -3124
26 6056 -517
39 5723 -548
40 1186 753
0 1056 812
60 985 4511
18 114 5057
28 2532 1754
59 10340 -3035
30 10192 -3065
66 10304 -3272
31 10212 -3421
34 765 -303
15 280 4984
53 279 5474
24 701 6352
25 1131 4942
5 2812 1176
54 3723 6
43 3962 260
23 10065 -3556
71 10156 -3273
22 10063 -3110
75 4594 -315
74 3944 201
61 2423 1174
42 1295 1199
12 765 -214
72 1051 2015
17 -850 1442
13 132 5132
2 262 5102
58 -217 4818
48 1095 4898
64 1428 4765
70 540 4777
14 281 4880
62 920 7037
9 6386 108
50 10137 -3169
19 10101 -3244
11 5203 -179
7 3464 -23
6 2198 1827
29 618 -467
55 1900 2450
10 5686 -474
1 5921 640
3 3999 230
56 5479 237
46 5963 -458
33 10343 -3658
51 6073 -294
21 10174 -3140
35 10120 -3407
67 5667 -489
73 5631 -652
38 1132 4853
16 281 4776
47 4093 38
68 3335 -128
***世代 500 適応度 max -190498.0 (42) mean -275129.47 時間 16:09:03.248623
69 3300 3688
32 1413 3963
27 1462 5419
45 296 5667
44 445 5445
20 1012 2386
55 1900 2450
29 618 -467
57 2423 1174
8 2254 1842
37 2390 327
65 3371 124
63 6185 -397
52 10234 -4000
36 10156 -3258
49 10248 -3124
26 6056 -517
39 5723 -548
40 1186 753
0 1056 812
60 985 4511
18 114 5057
28 2532 1754
59 10340 -3035
30 10192 -3065
66 10304 -3272
31 10212 -3421
34 765 -303
15 280 4984
53 279 5474
24 701 6352
25 1131 4942
5 2812 1176
54 3723 6
43 3962 260
23 10065 -3556
71 10156 -3273
22 10063 -3110
75 4594 -315
74 3944 201
61 2423 1174
42 1295 1199
12 765 -214
72 1051 2015
17 -850 1442
13 132 5132
2 262 5102
58 -217 4818
48 1095 4898
64 1428 4765
70 540 4777
14 281 4880
62 920 7037
9 6386 108
50 10137 -3169
19 10101 -3244
11 5203 -179
7 3464 -23
6 2198 1827
4 764 -95
41 1295 1243
10 5686 -474
1 5921 640
3 3999 230
56 5479 237
46 5963 -458
33 10343 -3658
51 6073 -294
21 10174 -3140
35 10120 -3407
67 5667 -489
73 5631 -652
38 1132 4853
16 281 4776
47 4093 38
68 3335 -128
***世代 550 適応度 max -178746.0 (35) mean -238245.17 時間 16:09:08.476508
69 3300 3688
32 1413 3963
27 1462 5419
45 296 5667
44 445 5445
20 1012 2386
55 1900 2450
29 618 -467
7 3464 -23
8 2254 1842
37 2390 327
52 10234 -4000
50 10137 -3169
19 10101 -3244
36 10156 -3258
49 10248 -3124
26 6056 -517
39 5723 -548
40 1186 753
0 1056 812
60 985 4511
18 114 5057
28 2532 1754
59 10340 -3035
31 10212 -3421
30 10192 -3065
66 10304 -3272
34 765 -303
15 280 4984
53 279 5474
24 701 6352
25 1131 4942
5 2812 1176
54 3723 6
43 3962 260
23 10065 -3556
71 10156 -3273
22 10063 -3110
75 4594 -315
74 3944 201
61 2423 1174
42 1295 1199
12 765 -214
72 1051 2015
17 -850 1442
13 132 5132
2 262 5102
58 -217 4818
48 1095 4898
64 1428 4765
70 540 4777
14 281 4880
62 920 7037
9 6386 108
63 6185 -397
65 3371 124
11 5203 -179
57 2423 1174
6 2198 1827
4 764 -95
41 1295 1243
10 5686 -474
1 5921 640
3 3999 230
46 5963 -458
51 6073 -294
56 5479 237
33 10343 -3658
21 10174 -3140
35 10120 -3407
67 5667 -489
73 5631 -652
38 1132 4853
16 281 4776
47 4093 38
68 3335 -128
***世代 600 適応度 max -170381.0 (86) mean -193669.15 時間 16:09:14.912444
69 3300 3688
32 1413 3963
27 1462 5419
45 296 5667
44 445 5445
20 1012 2386
55 1900 2450
29 618 -467
7 3464 -23
8 2254 1842
37 2390 327
52 10234 -4000
19 10101 -3244
50 10137 -3169
36 10156 -3258
49 10248 -3124
26 6056 -517
39 5723 -548
40 1186 753
0 1056 812
18 114 5057
60 985 4511
28 2532 1754
30 10192 -3065
59 10340 -3035
31 10212 -3421
66 10304 -3272
34 765 -303
15 280 4984
53 279 5474
24 701 6352
25 1131 4942
5 2812 1176
54 3723 6
23 10065 -3556
71 10156 -3273
22 10063 -3110
75 4594 -315
74 3944 201
61 2423 1174
42 1295 1199
72 1051 2015
17 -850 1442
4 764 -95
12 765 -214
13 132 5132
2 262 5102
58 -217 4818
14 281 4880
48 1095 4898
64 1428 4765
62 920 7037
70 540 4777
11 5203 -179
10 5686 -474
63 6185 -397
9 6386 108
65 3371 124
57 2423 1174
6 2198 1827
41 1295 1243
1 5921 640
43 3962 260
3 3999 230
56 5479 237
51 6073 -294
46 5963 -458
33 10343 -3658
21 10174 -3140
35 10120 -3407
67 5667 -489
73 5631 -652
38 1132 4853
16 281 4776
47 4093 38
68 3335 -128
***世代 650 適応度 max -164589.0 (40) mean -172179.57 時間 16:09:23.357576
69 3300 3688
32 1413 3963
27 1462 5419
45 296 5667
44 445 5445
20 1012 2386
55 1900 2450
29 618 -467
7 3464 -23
8 2254 1842
37 2390 327
52 10234 -4000
50 10137 -3169
19 10101 -3244
36 10156 -3258
49 10248 -3124
26 6056 -517
39 5723 -548
40 1186 753
0 1056 812
18 114 5057
60 985 4511
28 2532 1754
30 10192 -3065
59 10340 -3035
31 10212 -3421
66 10304 -3272
34 765 -303
15 280 4984
53 279 5474
24 701 6352
25 1131 4942
5 2812 1176
54 3723 6
23 10065 -3556
71 10156 -3273
22 10063 -3110
75 4594 -315
74 3944 201
61 2423 1174
42 1295 1199
72 1051 2015
4 764 -95
12 765 -214
17 -850 1442
58 -217 4818
2 262 5102
13 132 5132
14 281 4880
62 920 7037
48 1095 4898
64 1428 4765
70 540 4777
65 3371 124
11 5203 -179
10 5686 -474
63 6185 -397
9 6386 108
1 5921 640
6 2198 1827
41 1295 1243
57 2423 1174
43 3962 260
3 3999 230
56 5479 237
51 6073 -294
46 5963 -458
33 10343 -3658
21 10174 -3140
35 10120 -3407
67 5667 -489
73 5631 -652
38 1132 4853
16 281 4776
47 4093 38
68 3335 -128
***世代 700 適応度 max -157545.0 (34) mean -187379.6 時間 16:09:31.361417
69 3300 3688
32 1413 3963
27 1462 5419
45 296 5667
44 445 5445
20 1012 2386
55 1900 2450
29 618 -467
7 3464 -23
8 2254 1842
37 2390 327
52 10234 -4000
50 10137 -3169
19 10101 -3244
36 10156 -3258
49 10248 -3124
26 6056 -517
39 5723 -548
40 1186 753
0 1056 812
18 114 5057
60 985 4511
28 2532 1754
63 6185 -397
10 5686 -474
11 5203 -179
65 3371 124
70 540 4777
64 1428 4765
48 1095 4898
62 920 7037
14 281 4880
2 262 5102
13 132 5132
58 -217 4818
17 -850 1442
12 765 -214
4 764 -95
72 1051 2015
42 1295 1199
61 2423 1174
74 3944 201
75 4594 -315
22 10063 -3110
71 10156 -3273
23 10065 -3556
54 3723 6
5 2812 1176
25 1131 4942
24 701 6352
53 279 5474
15 280 4984
34 765 -303
66 10304 -3272
31 10212 -3421
59 10340 -3035
30 10192 -3065
9 6386 108
1 5921 640
73 5631 -652
67 5667 -489
35 10120 -3407
21 10174 -3140
33 10343 -3658
46 5963 -458
51 6073 -294
56 5479 237
3 3999 230
43 3962 260
57 2423 1174
41 1295 1243
6 2198 1827
38 1132 4853
16 281 4776
47 4093 38
68 3335 -128
***世代 750 適応度 max -156810.0 (36) mean -202025.47 時間 16:09:39.364392
69 3300 3688
32 1413 3963
27 1462 5419
45 296 5667
44 445 5445
20 1012 2386
55 1900 2450
29 618 -467
7 3464 -23
8 2254 1842
37 2390 327
52 10234 -4000
50 10137 -3169
19 10101 -3244
36 10156 -3258
49 10248 -3124
26 6056 -517
39 5723 -548
40 1186 753
0 1056 812
18 114 5057
60 985 4511
28 2532 1754
63 6185 -397
10 5686 -474
11 5203 -179
65 3371 124
70 540 4777
64 1428 4765
48 1095 4898
14 281 4880
2 262 5102
13 132 5132
58 -217 4818
17 -850 1442
12 765 -214
4 764 -95
72 1051 2015
42 1295 1199
61 2423 1174
74 3944 201
75 4594 -315
22 10063 -3110
71 10156 -3273
23 10065 -3556
54 3723 6
5 2812 1176
24 701 6352
62 920 7037
25 1131 4942
53 279 5474
15 280 4984
34 765 -303
66 10304 -3272
31 10212 -3421
59 10340 -3035
30 10192 -3065
9 6386 108
1 5921 640
73 5631 -652
67 5667 -489
35 10120 -3407
21 10174 -3140
33 10343 -3658
46 5963 -458
51 6073 -294
56 5479 237
3 3999 230
43 3962 260
57 2423 1174
41 1295 1243
6 2198 1827
38 1132 4853
16 281 4776
47 4093 38
68 3335 -128
***世代 800 適応度 max -155346.0 (9) mean -182067.13 時間 16:09:47.516459
69 3300 3688
32 1413 3963
27 1462 5419
45 296 5667
44 445 5445
20 1012 2386
55 1900 2450
29 618 -467
7 3464 -23
8 2254 1842
37 2390 327
52 10234 -4000
50 10137 -3169
19 10101 -3244
36 10156 -3258
49 10248 -3124
26 6056 -517
39 5723 -548
40 1186 753
0 1056 812
18 114 5057
60 985 4511
28 2532 1754
63 6185 -397
10 5686 -474
11 5203 -179
65 3371 124
64 1428 4765
25 1131 4942
70 540 4777
48 1095 4898
14 281 4880
2 262 5102
13 132 5132
58 -217 4818
17 -850 1442
4 764 -95
12 765 -214
72 1051 2015
42 1295 1199
61 2423 1174
74 3944 201
75 4594 -315
22 10063 -3110
23 10065 -3556
71 10156 -3273
54 3723 6
5 2812 1176
62 920 7037
24 701 6352
53 279 5474
15 280 4984
34 765 -303
66 10304 -3272
31 10212 -3421
59 10340 -3035
30 10192 -3065
9 6386 108
1 5921 640
73 5631 -652
67 5667 -489
35 10120 -3407
21 10174 -3140
33 10343 -3658
46 5963 -458
51 6073 -294
56 5479 237
3 3999 230
43 3962 260
57 2423 1174
41 1295 1243
6 2198 1827
38 1132 4853
16 281 4776
47 4093 38
68 3335 -128
***世代 850 適応度 max -154269.0 (20) mean -159946.82 時間 16:09:55.726241
69 3300 3688
32 1413 3963
27 1462 5419
45 296 5667
44 445 5445
20 1012 2386
55 1900 2450
29 618 -467
7 3464 -23
8 2254 1842
37 2390 327
52 10234 -4000
50 10137 -3169
19 10101 -3244
36 10156 -3258
49 10248 -3124
26 6056 -517
39 5723 -548
40 1186 753
0 1056 812
18 114 5057
60 985 4511
28 2532 1754
63 6185 -397
10 5686 -474
11 5203 -179
65 3371 124
64 1428 4765
48 1095 4898
25 1131 4942
14 281 4880
70 540 4777
2 262 5102
13 132 5132
58 -217 4818
17 -850 1442
12 765 -214
4 764 -95
42 1295 1199
72 1051 2015
61 2423 1174
74 3944 201
75 4594 -315
22 10063 -3110
71 10156 -3273
23 10065 -3556
54 3723 6
5 2812 1176
62 920 7037
24 701 6352
53 279 5474
15 280 4984
34 765 -303
66 10304 -3272
31 10212 -3421
59 10340 -3035
30 10192 -3065
9 6386 108
1 5921 640
73 5631 -652
67 5667 -489
35 10120 -3407
21 10174 -3140
33 10343 -3658
46 5963 -458
51 6073 -294
56 5479 237
3 3999 230
43 3962 260
57 2423 1174
41 1295 1243
6 2198 1827
38 1132 4853
16 281 4776
47 4093 38
68 3335 -128
***世代 900 適応度 max -147750.0 (85) mean -179779.53 時間 16:10:02.808773
65 3371 124
11 5203 -179
10 5686 -474
63 6185 -397
28 2532 1754
20 1012 2386
18 114 5057
0 1056 812
40 1186 753
39 5723 -548
26 6056 -517
49 10248 -3124
50 10137 -3169
19 10101 -3244
36 10156 -3258
52 10234 -4000
37 2390 327
8 2254 1842
7 3464 -23
29 618 -467
55 1900 2450
60 985 4511
44 445 5445
45 296 5667
27 1462 5419
32 1413 3963
69 3300 3688
64 1428 4765
48 1095 4898
25 1131 4942
70 540 4777
14 281 4880
13 132 5132
2 262 5102
58 -217 4818
17 -850 1442
72 1051 2015
4 764 -95
12 765 -214
42 1295 1199
61 2423 1174
74 3944 201
75 4594 -315
22 10063 -3110
71 10156 -3273
23 10065 -3556
54 3723 6
5 2812 1176
24 701 6352
62 920 7037
53 279 5474
15 280 4984
34 765 -303
66 10304 -3272
31 10212 -3421
59 10340 -3035
30 10192 -3065
9 6386 108
1 5921 640
73 5631 -652
67 5667 -489
35 10120 -3407
21 10174 -3140
33 10343 -3658
46 5963 -458
51 6073 -294
56 5479 237
3 3999 230
43 3962 260
57 2423 1174
41 1295 1243
6 2198 1827
38 1132 4853
16 281 4776
47 4093 38
68 3335 -128
***世代 950 適応度 max -144615.0 (3) mean -166254.25 時間 16:10:07.334714
65 3371 124
11 5203 -179
10 5686 -474
63 6185 -397
28 2532 1754
60 985 4511
18 114 5057
29 618 -467
40 1186 753
39 5723 -548
49 10248 -3124
50 10137 -3169
52 10234 -4000
36 10156 -3258
19 10101 -3244
26 6056 -517
7 3464 -23
37 2390 327
0 1056 812
8 2254 1842
55 1900 2450
20 1012 2386
44 445 5445
45 296 5667
27 1462 5419
32 1413 3963
69 3300 3688
64 1428 4765
48 1095 4898
25 1131 4942
70 540 4777
14 281 4880
13 132 5132
2 262 5102
58 -217 4818
72 1051 2015
17 -850 1442
4 764 -95
12 765 -214
42 1295 1199
61 2423 1174
74 3944 201
75 4594 -315
22 10063 -3110
23 10065 -3556
71 10156 -3273
54 3723 6
5 2812 1176
62 920 7037
24 701 6352
53 279 5474
15 280 4984
34 765 -303
66 10304 -3272
31 10212 -3421
59 10340 -3035
30 10192 -3065
9 6386 108
1 5921 640
73 5631 -652
67 5667 -489
35 10120 -3407
21 10174 -3140
33 10343 -3658
46 5963 -458
51 6073 -294
56 5479 237
3 3999 230
43 3962 260
57 2423 1174
41 1295 1243
6 2198 1827
38 1132 4853
16 281 4776
47 4093 38
68 3335 -128
***世代 1000 適応度 max -141918.0 (36) mean -161085.04 時間 16:10:12.706472
65 3371 124
11 5203 -179
10 5686 -474
63 6185 -397
28 2532 1754
60 985 4511
18 114 5057
29 618 -467
40 1186 753
39 5723 -548
49 10248 -3124
50 10137 -3169
52 10234 -4000
19 10101 -3244
36 10156 -3258
26 6056 -517
7 3464 -23
37 2390 327
0 1056 812
8 2254 1842
55 1900 2450
20 1012 2386
45 296 5667
27 1462 5419
69 3300 3688
48 1095 4898
64 1428 4765
25 1131 4942
2 262 5102
14 281 4880
44 445 5445
70 540 4777
32 1413 3963
72 1051 2015
13 132 5132
58 -217 4818
17 -850 1442
4 764 -95
42 1295 1199
12 765 -214
61 2423 1174
74 3944 201
75 4594 -315
67 5667 -489
73 5631 -652
1 5921 640
9 6386 108
30 10192 -3065
59 10340 -3035
31 10212 -3421
66 10304 -3272
34 765 -303
15 280 4984
53 279 5474
24 701 6352
62 920 7037
5 2812 1176
54 3723 6
22 10063 -3110
71 10156 -3273
23 10065 -3556
35 10120 -3407
21 10174 -3140
33 10343 -3658
46 5963 -458
51 6073 -294
56 5479 237
3 3999 230
43 3962 260
57 2423 1174
41 1295 1243
6 2198 1827
38 1132 4853
16 281 4776
47 4093 38
68 3335 -128
***世代 1050 適応度 max -140155.0 (83) mean -178645.09 時間 16:10:18.077690
65 3371 124
11 5203 -179
10 5686 -474
63 6185 -397
60 985 4511
18 114 5057
28 2532 1754
29 618 -467
40 1186 753
39 5723 -548
36 10156 -3258
49 10248 -3124
50 10137 -3169
19 10101 -3244
52 10234 -4000
26 6056 -517
7 3464 -23
37 2390 327
0 1056 812
8 2254 1842
55 1900 2450
20 1012 2386
69 3300 3688
32 1413 3963
27 1462 5419
45 296 5667
64 1428 4765
25 1131 4942
14 281 4880
48 1095 4898
44 445 5445
13 132 5132
70 540 4777
72 1051 2015
2 262 5102
58 -217 4818
17 -850 1442
4 764 -95
12 765 -214
42 1295 1199
61 2423 1174
74 3944 201
75 4594 -315
67 5667 -489
73 5631 -652
1 5921 640
9 6386 108
30 10192 -3065
59 10340 -3035
31 10212 -3421
66 10304 -3272
34 765 -303
15 280 4984
53 279 5474
24 701 6352
62 920 7037
5 2812 1176
54 3723 6
22 10063 -3110
71 10156 -3273
23 10065 -3556
35 10120 -3407
21 10174 -3140
33 10343 -3658
46 5963 -458
51 6073 -294
56 5479 237
3 3999 230
43 3962 260
57 2423 1174
41 1295 1243
6 2198 1827
38 1132 4853
16 281 4776
47 4093 38
68 3335 -128
***世代 1100 適応度 max -132560.0 (49) mean -154763.24 時間 16:10:24.656668
65 3371 124
11 5203 -179
10 5686 -474
63 6185 -397
28 2532 1754
60 985 4511
18 114 5057
29 618 -467
40 1186 753
39 5723 -548
36 10156 -3258
49 10248 -3124
50 10137 -3169
19 10101 -3244
52 10234 -4000
26 6056 -517
7 3464 -23
37 2390 327
0 1056 812
8 2254 1842
55 1900 2450
20 1012 2386
69 3300 3688
32 1413 3963
48 1095 4898
27 1462 5419
64 1428 4765
25 1131 4942
14 281 4880
45 296 5667
44 445 5445
13 132 5132
70 540 4777
2 262 5102
58 -217 4818
72 1051 2015
17 -850 1442
4 764 -95
12 765 -214
42 1295 1199
61 2423 1174
74 3944 201
75 4594 -315
67 5667 -489
73 5631 -652
1 5921 640
9 6386 108
30 10192 -3065
59 10340 -3035
31 10212 -3421
66 10304 -3272
34 765 -303
15 280 4984
53 279 5474
24 701 6352
62 920 7037
5 2812 1176
54 3723 6
22 10063 -3110
71 10156 -3273
23 10065 -3556
35 10120 -3407
21 10174 -3140
33 10343 -3658
46 5963 -458
51 6073 -294
56 5479 237
3 3999 230
43 3962 260
57 2423 1174
41 1295 1243
6 2198 1827
38 1132 4853
16 281 4776
47 4093 38
68 3335 -128
***世代 1150 適応度 max -130919.0 (22) mean -148175.68 時間 16:10:31.281658
65 3371 124
11 5203 -179
10 5686 -474
63 6185 -397
28 2532 1754
60 985 4511
18 114 5057
29 618 -467
40 1186 753
39 5723 -548
36 10156 -3258
49 10248 -3124
50 10137 -3169
19 10101 -3244
52 10234 -4000
26 6056 -517
7 3464 -23
37 2390 327
0 1056 812
8 2254 1842
55 1900 2450
20 1012 2386
69 3300 3688
32 1413 3963
48 1095 4898
25 1131 4942
27 1462 5419
64 1428 4765
70 540 4777
14 281 4880
13 132 5132
45 296 5667
44 445 5445
2 262 5102
58 -217 4818
72 1051 2015
17 -850 1442
4 764 -95
12 765 -214
42 1295 1199
61 2423 1174
74 3944 201
75 4594 -315
67 5667 -489
73 5631 -652
1 5921 640
9 6386 108
30 10192 -3065
59 10340 -3035
21 10174 -3140
66 10304 -3272
34 765 -303
15 280 4984
53 279 5474
24 701 6352
62 920 7037
5 2812 1176
54 3723 6
22 10063 -3110
71 10156 -3273
23 10065 -3556
35 10120 -3407
31 10212 -3421
33 10343 -3658
46 5963 -458
51 6073 -294
56 5479 237
3 3999 230
43 3962 260
57 2423 1174
41 1295 1243
6 2198 1827
38 1132 4853
16 281 4776
47 4093 38
68 3335 -128
***世代 1200 適応度 max -130887.0 (14) mean -140565.94 時間 16:10:39.161312
65 3371 124
11 5203 -179
10 5686 -474
63 6185 -397
28 2532 1754
60 985 4511
18 114 5057
29 618 -467
40 1186 753
39 5723 -548
36 10156 -3258
49 10248 -3124
50 10137 -3169
19 10101 -3244
52 10234 -4000
26 6056 -517
7 3464 -23
37 2390 327
0 1056 812
8 2254 1842
55 1900 2450
20 1012 2386
69 3300 3688
32 1413 3963
48 1095 4898
25 1131 4942
27 1462 5419
64 1428 4765
70 540 4777
14 281 4880
13 132 5132
45 296 5667
44 445 5445
2 262 5102
58 -217 4818
72 1051 2015
17 -850 1442
4 764 -95
12 765 -214
42 1295 1199
61 2423 1174
74 3944 201
75 4594 -315
67 5667 -489
73 5631 -652
1 5921 640
9 6386 108
30 10192 -3065
59 10340 -3035
21 10174 -3140
66 10304 -3272
71 10156 -3273
34 765 -303
15 280 4984
53 279 5474
24 701 6352
62 920 7037
5 2812 1176
54 3723 6
22 10063 -3110
23 10065 -3556
35 10120 -3407
31 10212 -3421
33 10343 -3658
46 5963 -458
51 6073 -294
56 5479 237
3 3999 230
43 3962 260
57 2423 1174
41 1295 1243
6 2198 1827
38 1132 4853
16 281 4776
47 4093 38
68 3335 -128
***世代 1250 適応度 max -130735.0 (59) mean -146408.37 時間 16:10:46.096582
65 3371 124
11 5203 -179
10 5686 -474
63 6185 -397
28 2532 1754
60 985 4511
18 114 5057
29 618 -467
40 1186 753
39 5723 -548
36 10156 -3258
19 10101 -3244
50 10137 -3169
49 10248 -3124
52 10234 -4000
26 6056 -517
7 3464 -23
37 2390 327
0 1056 812
8 2254 1842
20 1012 2386
55 1900 2450
69 3300 3688
32 1413 3963
48 1095 4898
25 1131 4942
27 1462 5419
64 1428 4765
70 540 4777
14 281 4880
13 132 5132
45 296 5667
44 445 5445
2 262 5102
58 -217 4818
72 1051 2015
17 -850 1442
4 764 -95
12 765 -214
42 1295 1199
61 2423 1174
74 3944 201
75 4594 -315
67 5667 -489
73 5631 -652
1 5921 640
9 6386 108
30 10192 -3065
59 10340 -3035
21 10174 -3140
66 10304 -3272
71 10156 -3273
34 765 -303
15 280 4984
53 279 5474
24 701 6352
62 920 7037
5 2812 1176
54 3723 6
22 10063 -3110
23 10065 -3556
33 10343 -3658
35 10120 -3407
31 10212 -3421
46 5963 -458
51 6073 -294
56 5479 237
3 3999 230
43 3962 260
57 2423 1174
41 1295 1243
6 2198 1827
38 1132 4853
16 281 4776
47 4093 38
68 3335 -128
***世代 1300 適応度 max -130554.0 (13) mean -149145.68 時間 16:10:52.961142
65 3371 124
11 5203 -179
10 5686 -474
63 6185 -397
28 2532 1754
60 985 4511
18 114 5057
29 618 -467
40 1186 753
39 5723 -548
36 10156 -3258
49 10248 -3124
50 10137 -3169
19 10101 -3244
52 10234 -4000
26 6056 -517
7 3464 -23
37 2390 327
8 2254 1842
20 1012 2386
55 1900 2450
69 3300 3688
32 1413 3963
48 1095 4898
25 1131 4942
27 1462 5419
64 1428 4765
70 540 4777
14 281 4880
13 132 5132
45 296 5667
44 445 5445
2 262 5102
58 -217 4818
72 1051 2015
0 1056 812
17 -850 1442
4 764 -95
12 765 -214
42 1295 1199
61 2423 1174
74 3944 201
75 4594 -315
67 5667 -489
73 5631 -652
1 5921 640
9 6386 108
30 10192 -3065
59 10340 -3035
21 10174 -3140
66 10304 -3272
34 765 -303
15 280 4984
53 279 5474
24 701 6352
62 920 7037
5 2812 1176
54 3723 6
22 10063 -3110
71 10156 -3273
23 10065 -3556
35 10120 -3407
31 10212 -3421
33 10343 -3658
46 5963 -458
51 6073 -294
56 5479 237
3 3999 230
43 3962 260
57 2423 1174
41 1295 1243
6 2198 1827
38 1132 4853
16 281 4776
47 4093 38
68 3335 -128
***世代 1350 適応度 max -129933.0 (9) mean -140112.48 時間 16:10:59.580707
65 3371 124
11 5203 -179
10 5686 -474
63 6185 -397
28 2532 1754
60 985 4511
18 114 5057
29 618 -467
40 1186 753
39 5723 -548
36 10156 -3258
49 10248 -3124
50 10137 -3169
19 10101 -3244
52 10234 -4000
26 6056 -517
7 3464 -23
37 2390 327
0 1056 812
8 2254 1842
55 1900 2450
69 3300 3688
32 1413 3963
27 1462 5419
45 296 5667
44 445 5445
70 540 4777
58 -217 4818
14 281 4880
13 132 5132
2 262 5102
48 1095 4898
25 1131 4942
64 1428 4765
20 1012 2386
72 1051 2015
17 -850 1442
12 765 -214
4 764 -95
42 1295 1199
61 2423 1174
74 3944 201
75 4594 -315
67 5667 -489
73 5631 -652
1 5921 640
9 6386 108
30 10192 -3065
59 10340 -3035
21 10174 -3140
66 10304 -3272
34 765 -303
15 280 4984
53 279 5474
24 701 6352
62 920 7037
5 2812 1176
54 3723 6
22 10063 -3110
71 10156 -3273
23 10065 -3556
33 10343 -3658
35 10120 -3407
31 10212 -3421
46 5963 -458
51 6073 -294
56 5479 237
3 3999 230
43 3962 260
57 2423 1174
41 1295 1243
6 2198 1827
38 1132 4853
16 281 4776
47 4093 38
68 3335 -128
***世代 1400 適応度 max -129933.0 (7) mean -136135.37 時間 16:11:06.911021
65 3371 124
11 5203 -179
10 5686 -474
63 6185 -397
28 2532 1754
60 985 4511
18 114 5057
29 618 -467
40 1186 753
39 5723 -548
36 10156 -3258
49 10248 -3124
50 10137 -3169
19 10101 -3244
52 10234 -4000
26 6056 -517
7 3464 -23
37 2390 327
0 1056 812
8 2254 1842
55 1900 2450
69 3300 3688
32 1413 3963
27 1462 5419
45 296 5667
44 445 5445
70 540 4777
58 -217 4818
14 281 4880
13 132 5132
2 262 5102
48 1095 4898
25 1131 4942
64 1428 4765
20 1012 2386
72 1051 2015
17 -850 1442
12 765 -214
4 764 -95
42 1295 1199
61 2423 1174
74 3944 201
75 4594 -315
67 5667 -489
73 5631 -652
1 5921 640
9 6386 108
30 10192 -3065
59 10340 -3035
21 10174 -3140
66 10304 -3272
34 765 -303
15 280 4984
53 279 5474
24 701 6352
62 920 7037
5 2812 1176
54 3723 6
22 10063 -3110
71 10156 -3273
23 10065 -3556
33 10343 -3658
35 10120 -3407
31 10212 -3421
46 5963 -458
51 6073 -294
56 5479 237
3 3999 230
43 3962 260
57 2423 1174
41 1295 1243
6 2198 1827
38 1132 4853
16 281 4776
47 4093 38
68 3335 -128
***世代 1450 適応度 max -127675.0 (57) mean -176647.7 時間 16:11:14.917841
65 3371 124
11 5203 -179
10 5686 -474
63 6185 -397
28 2532 1754
60 985 4511
18 114 5057
29 618 -467
40 1186 753
39 5723 -548
54 3723 6
5 2812 1176
62 920 7037
24 701 6352
53 279 5474
15 280 4984
34 765 -303
66 10304 -3272
21 10174 -3140
59 10340 -3035
30 10192 -3065
9 6386 108
1 5921 640
73 5631 -652
67 5667 -489
75 4594 -315
74 3944 201
61 2423 1174
42 1295 1199
4 764 -95
12 765 -214
17 -850 1442
72 1051 2015
20 1012 2386
25 1131 4942
2 262 5102
64 1428 4765
58 -217 4818
13 132 5132
27 1462 5419
14 281 4880
48 1095 4898
45 296 5667
32 1413 3963
70 540 4777
44 445 5445
69 3300 3688
55 1900 2450
8 2254 1842
0 1056 812
37 2390 327
7 3464 -23
26 6056 -517
52 10234 -4000
19 10101 -3244
50 10137 -3169
49 10248 -3124
36 10156 -3258
22 10063 -3110
71 10156 -3273
23 10065 -3556
33 10343 -3658
35 10120 -3407
31 10212 -3421
46 5963 -458
51 6073 -294
56 5479 237
3 3999 230
43 3962 260
57 2423 1174
41 1295 1243
6 2198 1827
38 1132 4853
16 281 4776
47 4093 38
68 3335 -128
***世代 1500 適応度 max -126013.0 (49) mean -171496.8 時間 16:11:21.394916
65 3371 124
11 5203 -179
10 5686 -474
63 6185 -397
28 2532 1754
60 985 4511
18 114 5057
29 618 -467
40 1186 753
39 5723 -548
54 3723 6
5 2812 1176
62 920 7037
24 701 6352
53 279 5474
15 280 4984
34 765 -303
66 10304 -3272
21 10174 -3140
59 10340 -3035
30 10192 -3065
9 6386 108
1 5921 640
73 5631 -652
67 5667 -489
75 4594 -315
74 3944 201
61 2423 1174
42 1295 1199
4 764 -95
12 765 -214
17 -850 1442
72 1051 2015
20 1012 2386
25 1131 4942
2 262 5102
58 -217 4818
13 132 5132
64 1428 4765
27 1462 5419
14 281 4880
48 1095 4898
45 296 5667
32 1413 3963
70 540 4777
44 445 5445
69 3300 3688
55 1900 2450
8 2254 1842
0 1056 812
37 2390 327
7 3464 -23
26 6056 -517
52 10234 -4000
19 10101 -3244
50 10137 -3169
49 10248 -3124
36 10156 -3258
22 10063 -3110
71 10156 -3273
23 10065 -3556
33 10343 -3658
35 10120 -3407
31 10212 -3421
46 5963 -458
51 6073 -294
56 5479 237
3 3999 230
43 3962 260
57 2423 1174
41 1295 1243
6 2198 1827
38 1132 4853
16 281 4776
47 4093 38
68 3335 -128
***世代 1550 適応度 max -126013.0 (49) mean -183015.48 時間 16:11:28.004370
65 3371 124
11 5203 -179
10 5686 -474
63 6185 -397
28 2532 1754
60 985 4511
18 114 5057
29 618 -467
40 1186 753
39 5723 -548
54 3723 6
5 2812 1176
62 920 7037
24 701 6352
53 279 5474
15 280 4984
34 765 -303
66 10304 -3272
21 10174 -3140
59 10340 -3035
30 10192 -3065
9 6386 108
1 5921 640
73 5631 -652
67 5667 -489
75 4594 -315
74 3944 201
61 2423 1174
42 1295 1199
4 764 -95
12 765 -214
17 -850 1442
72 1051 2015
20 1012 2386
25 1131 4942
2 262 5102
58 -217 4818
13 132 5132
64 1428 4765
27 1462 5419
14 281 4880
48 1095 4898
45 296 5667
32 1413 3963
70 540 4777
44 445 5445
69 3300 3688
55 1900 2450
8 2254 1842
0 1056 812
37 2390 327
7 3464 -23
26 6056 -517
52 10234 -4000
19 10101 -3244
50 10137 -3169
49 10248 -3124
36 10156 -3258
22 10063 -3110
71 10156 -3273
23 10065 -3556
33 10343 -3658
35 10120 -3407
31 10212 -3421
46 5963 -458
51 6073 -294
56 5479 237
3 3999 230
43 3962 260
57 2423 1174
41 1295 1243
6 2198 1827
38 1132 4853
16 281 4776
47 4093 38
68 3335 -128
***世代 1600 適応度 max -126013.0 (49) mean -183333.75 時間 16:11:35.407803
65 3371 124
11 5203 -179
10 5686 -474
63 6185 -397
28 2532 1754
60 985 4511
18 114 5057
29 618 -467
40 1186 753
39 5723 -548
54 3723 6
5 2812 1176
62 920 7037
24 701 6352
53 279 5474
15 280 4984
34 765 -303
66 10304 -3272
21 10174 -3140
59 10340 -3035
30 10192 -3065
9 6386 108
1 5921 640
73 5631 -652
67 5667 -489
75 4594 -315
74 3944 201
61 2423 1174
42 1295 1199
4 764 -95
12 765 -214
17 -850 1442
72 1051 2015
20 1012 2386
25 1131 4942
2 262 5102
58 -217 4818
13 132 5132
64 1428 4765
27 1462 5419
14 281 4880
48 1095 4898
45 296 5667
32 1413 3963
70 540 4777
44 445 5445
69 3300 3688
55 1900 2450
8 2254 1842
0 1056 812
37 2390 327
7 3464 -23
26 6056 -517
52 10234 -4000
19 10101 -3244
50 10137 -3169
49 10248 -3124
36 10156 -3258
22 10063 -3110
71 10156 -3273
23 10065 -3556
33 10343 -3658
35 10120 -3407
31 10212 -3421
46 5963 -458
51 6073 -294
56 5479 237
3 3999 230
43 3962 260
57 2423 1174
41 1295 1243
6 2198 1827
38 1132 4853
16 281 4776
47 4093 38
68 3335 -128
***世代 1650 適応度 max -124773.0 (90) mean -182742.49 時間 16:11:41.664860
65 3371 124
11 5203 -179
10 5686 -474
63 6185 -397
28 2532 1754
60 985 4511
18 114 5057
29 618 -467
40 1186 753
39 5723 -548
54 3723 6
5 2812 1176
62 920 7037
24 701 6352
53 279 5474
15 280 4984
34 765 -303
66 10304 -3272
21 10174 -3140
59 10340 -3035
30 10192 -3065
9 6386 108
1 5921 640
67 5667 -489
73 5631 -652
75 4594 -315
74 3944 201
61 2423 1174
42 1295 1199
4 764 -95
12 765 -214
17 -850 1442
72 1051 2015
20 1012 2386
25 1131 4942
2 262 5102
58 -217 4818
13 132 5132
64 1428 4765
27 1462 5419
14 281 4880
45 296 5667
48 1095 4898
32 1413 3963
70 540 4777
44 445 5445
69 3300 3688
55 1900 2450
8 2254 1842
0 1056 812
37 2390 327
7 3464 -23
26 6056 -517
52 10234 -4000
19 10101 -3244
50 10137 -3169
49 10248 -3124
36 10156 -3258
22 10063 -3110
71 10156 -3273
23 10065 -3556
33 10343 -3658
35 10120 -3407
31 10212 -3421
46 5963 -458
51 6073 -294
56 5479 237
3 3999 230
43 3962 260
57 2423 1174
41 1295 1243
6 2198 1827
38 1132 4853
16 281 4776
47 4093 38
68 3335 -128
***世代 1700 適応度 max -120977.0 (53) mean -128098.31 時間 16:11:48.876984
65 3371 124
11 5203 -179
10 5686 -474
63 6185 -397
28 2532 1754
60 985 4511
18 114 5057
29 618 -467
40 1186 753
39 5723 -548
54 3723 6
5 2812 1176
24 701 6352
62 920 7037
53 279 5474
15 280 4984
34 765 -303
66 10304 -3272
21 10174 -3140
59 10340 -3035
30 10192 -3065
9 6386 108
1 5921 640
67 5667 -489
73 5631 -652
75 4594 -315
74 3944 201
61 2423 1174
42 1295 1199
4 764 -95
12 765 -214
17 -850 1442
72 1051 2015
20 1012 2386
64 1428 4765
25 1131 4942
27 1462 5419
14 281 4880
58 -217 4818
13 132 5132
2 262 5102
70 540 4777
48 1095 4898
45 296 5667
44 445 5445
32 1413 3963
69 3300 3688
55 1900 2450
8 2254 1842
0 1056 812
37 2390 327
7 3464 -23
26 6056 -517
52 10234 -4000
50 10137 -3169
19 10101 -3244
49 10248 -3124
36 10156 -3258
22 10063 -3110
71 10156 -3273
23 10065 -3556
33 10343 -3658
35 10120 -3407
31 10212 -3421
46 5963 -458
51 6073 -294
56 5479 237
3 3999 230
43 3962 260
57 2423 1174
41 1295 1243
6 2198 1827
38 1132 4853
16 281 4776
47 4093 38
68 3335 -128
***世代 1750 適応度 max -117550.0 (60) mean -129105.49 時間 16:11:56.139590
65 3371 124
11 5203 -179
10 5686 -474
63 6185 -397
28 2532 1754
60 985 4511
18 114 5057
40 1186 753
29 618 -467
39 5723 -548
54 3723 6
5 2812 1176
62 920 7037
24 701 6352
53 279 5474
15 280 4984
34 765 -303
22 10063 -3110
30 10192 -3065
49 10248 -3124
50 10137 -3169
19 10101 -3244
52 10234 -4000
26 6056 -517
7 3464 -23
37 2390 327
0 1056 812
8 2254 1842
55 1900 2450
69 3300 3688
32 1413 3963
70 540 4777
14 281 4880
58 -217 4818
13 132 5132
2 262 5102
44 445 5445
45 296 5667
27 1462 5419
48 1095 4898
25 1131 4942
64 1428 4765
20 1012 2386
72 1051 2015
17 -850 1442
12 765 -214
4 764 -95
42 1295 1199
61 2423 1174
74 3944 201
75 4594 -315
73 5631 -652
67 5667 -489
1 5921 640
9 6386 108
59 10340 -3035
21 10174 -3140
36 10156 -3258
66 10304 -3272
71 10156 -3273
23 10065 -3556
33 10343 -3658
35 10120 -3407
31 10212 -3421
46 5963 -458
51 6073 -294
56 5479 237
3 3999 230
43 3962 260
57 2423 1174
41 1295 1243
6 2198 1827
38 1132 4853
16 281 4776
47 4093 38
68 3335 -128
***世代 1800 適応度 max -115114.0 (58) mean -146964.86 時間 16:12:03.526670
65 3371 124
11 5203 -179
10 5686 -474
63 6185 -397
28 2532 1754
60 985 4511
18 114 5057
40 1186 753
29 618 -467
34 765 -303
15 280 4984
53 279 5474
24 701 6352
62 920 7037
5 2812 1176
54 3723 6
39 5723 -548
22 10063 -3110
30 10192 -3065
49 10248 -3124
50 10137 -3169
19 10101 -3244
52 10234 -4000
26 6056 -517
7 3464 -23
37 2390 327
0 1056 812
8 2254 1842
55 1900 2450
69 3300 3688
13 132 5132
70 540 4777
14 281 4880
58 -217 4818
2 262 5102
48 1095 4898
44 445 5445
45 296 5667
27 1462 5419
20 1012 2386
25 1131 4942
64 1428 4765
32 1413 3963
72 1051 2015
17 -850 1442
12 765 -214
4 764 -95
42 1295 1199
61 2423 1174
74 3944 201
75 4594 -315
73 5631 -652
67 5667 -489
1 5921 640
9 6386 108
59 10340 -3035
21 10174 -3140
36 10156 -3258
66 10304 -3272
71 10156 -3273
23 10065 -3556
33 10343 -3658
35 10120 -3407
31 10212 -3421
46 5963 -458
51 6073 -294
56 5479 237
3 3999 230
43 3962 260
57 2423 1174
41 1295 1243
6 2198 1827
38 1132 4853
16 281 4776
47 4093 38
68 3335 -128
***世代 1850 適応度 max -109951.0 (22) mean -123952.8 時間 16:12:09.362159
65 3371 124
11 5203 -179
10 5686 -474
63 6185 -397
28 2532 1754
60 985 4511
18 114 5057
40 1186 753
29 618 -467
34 765 -303
15 280 4984
53 279 5474
62 920 7037
24 701 6352
5 2812 1176
54 3723 6
39 5723 -548
22 10063 -3110
30 10192 -3065
49 10248 -3124
50 10137 -3169
19 10101 -3244
52 10234 -4000
26 6056 -517
7 3464 -23
37 2390 327
0 1056 812
8 2254 1842
55 1900 2450
69 3300 3688
58 -217 4818
14 281 4880
2 262 5102
70 540 4777
44 445 5445
13 132 5132
45 296 5667
27 1462 5419
25 1131 4942
48 1095 4898
64 1428 4765
32 1413 3963
72 1051 2015
20 1012 2386
17 -850 1442
12 765 -214
4 764 -95
42 1295 1199
61 2423 1174
74 3944 201
75 4594 -315
73 5631 -652
67 5667 -489
1 5921 640
9 6386 108
59 10340 -3035
21 10174 -3140
36 10156 -3258
66 10304 -3272
71 10156 -3273
23 10065 -3556
33 10343 -3658
35 10120 -3407
31 10212 -3421
46 5963 -458
51 6073 -294
56 5479 237
3 3999 230
43 3962 260
57 2423 1174
41 1295 1243
6 2198 1827
38 1132 4853
16 281 4776
47 4093 38
68 3335 -128
***世代 1900 適応度 max -107462.0 (29) mean -112457.94 時間 16:12:16.362186
65 3371 124
5 2812 1176
24 701 6352
62 920 7037
53 279 5474
15 280 4984
18 114 5057
40 1186 753
29 618 -467
34 765 -303
60 985 4511
28 2532 1754
63 6185 -397
10 5686 -474
11 5203 -179
54 3723 6
39 5723 -548
22 10063 -3110
30 10192 -3065
49 10248 -3124
50 10137 -3169
19 10101 -3244
52 10234 -4000
26 6056 -517
7 3464 -23
37 2390 327
0 1056 812
8 2254 1842
55 1900 2450
69 3300 3688
70 540 4777
58 -217 4818
13 132 5132
14 281 4880
44 445 5445
2 262 5102
45 296 5667
27 1462 5419
25 1131 4942
48 1095 4898
64 1428 4765
32 1413 3963
72 1051 2015
20 1012 2386
17 -850 1442
12 765 -214
4 764 -95
42 1295 1199
61 2423 1174
74 3944 201
75 4594 -315
73 5631 -652
67 5667 -489
1 5921 640
9 6386 108
59 10340 -3035
21 10174 -3140
36 10156 -3258
66 10304 -3272
71 10156 -3273
23 10065 -3556
33 10343 -3658
35 10120 -3407
31 10212 -3421
46 5963 -458
51 6073 -294
56 5479 237
3 3999 230
43 3962 260
57 2423 1174
41 1295 1243
6 2198 1827
38 1132 4853
16 281 4776
47 4093 38
68 3335 -128
***世代 1950 適応度 max -103784.0 (6) mean -156108.93 時間 16:12:20.753787
65 3371 124
5 2812 1176
24 701 6352
62 920 7037
53 279 5474
15 280 4984
60 985 4511
18 114 5057
40 1186 753
29 618 -467
34 765 -303
28 2532 1754
63 6185 -397
10 5686 -474
11 5203 -179
54 3723 6
39 5723 -548
22 10063 -3110
30 10192 -3065
49 10248 -3124
50 10137 -3169
19 10101 -3244
52 10234 -4000
26 6056 -517
7 3464 -23
37 2390 327
0 1056 812
8 2254 1842
55 1900 2450
69 3300 3688
70 540 4777
58 -217 4818
2 262 5102
13 132 5132
44 445 5445
45 296 5667
14 281 4880
25 1131 4942
48 1095 4898
27 1462 5419
64 1428 4765
32 1413 3963
72 1051 2015
20 1012 2386
17 -850 1442
12 765 -214
4 764 -95
42 1295 1199
61 2423 1174
74 3944 201
75 4594 -315
73 5631 -652
67 5667 -489
1 5921 640
9 6386 108
59 10340 -3035
21 10174 -3140
36 10156 -3258
66 10304 -3272
71 10156 -3273
23 10065 -3556
33 10343 -3658
35 10120 -3407
31 10212 -3421
46 5963 -458
51 6073 -294
56 5479 237
3 3999 230
43 3962 260
57 2423 1174
41 1295 1243
6 2198 1827
38 1132 4853
16 281 4776
47 4093 38
68 3335 -128
***世代 2000 適応度 max -98311.0 (68) mean -111424.3 時間 16:12:25.175288
65 3371 124
5 2812 1176
24 701 6352
62 920 7037
53 279 5474
60 985 4511
15 280 4984
18 114 5057
20 1012 2386
72 1051 2015
32 1413 3963
64 1428 4765
27 1462 5419
48 1095 4898
25 1131 4942
44 445 5445
45 296 5667
14 281 4880
13 132 5132
58 -217 4818
2 262 5102
70 540 4777
69 3300 3688
55 1900 2450
8 2254 1842
0 1056 812
37 2390 327
7 3464 -23
26 6056 -517
52 10234 -4000
19 10101 -3244
50 10137 -3169
30 10192 -3065
49 10248 -3124
22 10063 -3110
39 5723 -548
10 5686 -474
63 6185 -397
11 5203 -179
54 3723 6
28 2532 1754
34 765 -303
29 618 -467
40 1186 753
17 -850 1442
12 765 -214
4 764 -95
42 1295 1199
61 2423 1174
74 3944 201
75 4594 -315
73 5631 -652
67 5667 -489
1 5921 640
9 6386 108
59 10340 -3035
21 10174 -3140
36 10156 -3258
66 10304 -3272
71 10156 -3273
23 10065 -3556
33 10343 -3658
35 10120 -3407
31 10212 -3421
46 5963 -458
51 6073 -294
56 5479 237
3 3999 230
43 3962 260
57 2423 1174
41 1295 1243
6 2198 1827
38 1132 4853
16 281 4776
47 4093 38
68 3335 -128
***世代 1999 適応度 max -98311.0 (68) mean -111424.3 時間 16:12:25.175897
65 3371 124
5 2812 1176
24 701 6352
62 920 7037
53 279 5474
60 985 4511
15 280 4984
18 114 5057
20 1012 2386
72 1051 2015
32 1413 3963
64 1428 4765
27 1462 5419
48 1095 4898
25 1131 4942
44 445 5445
45 296 5667
14 281 4880
13 132 5132
58 -217 4818
2 262 5102
70 540 4777
69 3300 3688
55 1900 2450
8 2254 1842
0 1056 812
37 2390 327
7 3464 -23
26 6056 -517
52 10234 -4000
19 10101 -3244
50 10137 -3169
30 10192 -3065
49 10248 -3124
22 10063 -3110
39 5723 -548
10 5686 -474
63 6185 -397
11 5203 -179
54 3723 6
28 2532 1754
34 765 -303
29 618 -467
40 1186 753
17 -850 1442
12 765 -214
4 764 -95
42 1295 1199
61 2423 1174
74 3944 201
75 4594 -315
73 5631 -652
67 5667 -489
1 5921 640
9 6386 108
59 10340 -3035
21 10174 -3140
36 10156 -3258
66 10304 -3272
71 10156 -3273
23 10065 -3556
33 10343 -3658
35 10120 -3407
31 10212 -3421
46 5963 -458
51 6073 -294
56 5479 237
3 3999 230
43 3962 260
57 2423 1174
41 1295 1243
6 2198 1827
38 1132 4853
16 281 4776
47 4093 38
68 3335 -128
