***世代 1 適応度 max -149684.0 (10) mean -191941.1 時間 16:27:58.148543
13 225 4983
4 2979 1043
11 4667 -241
31 4630 -107
37 724 4985
16 262 5073
15 373 5029
5 3052 1192
30 -907 1754
17 1504 4216
8 3334 49
33 715 2801
7 1302 3918
27 744 4629
43 3555 243
3 5684 -28
19 6535 -217
23 59 4790
38 1111 916
12 6018 -279
34 6315 -560
20 4926 -76
22 278 5563
14 77 4894
32 917 3144
39 5480 74
45 5295 -45
1 5646 223
9 4186 -109
42 4555 85
2 5774 372
44 6335 -961
18 4779 -285
26 151 4998
35 10064 -3378
21 6517 -188
0 5627 312
10 5589 416
28 6164 -26
40 4613 -419
36 1000 930
24 132 5161
41 7440 8
6 3616 3289
29 6627 -24
25 243 5117
***世代 50 適応度 max -82792.0 (22) mean -109128.32 時間 16:28:01.503348
16 262 5073
17 1504 4216
26 151 4998
24 132 5161
14 77 4894
37 724 4985
7 1302 3918
15 373 5029
13 225 4983
33 715 2801
27 744 4629
38 1111 916
30 -907 1754
25 243 5117
23 59 4790
22 278 5563
6 3616 3289
45 5295 -45
10 5589 416
0 5627 312
35 10064 -3378
40 4613 -419
1 5646 223
3 5684 -28
21 6517 -188
29 6627 -24
28 6164 -26
39 5480 74
5 3052 1192
36 1000 930
41 7440 8
8 3334 49
4 2979 1043
18 4779 -285
11 4667 -241
2 5774 372
12 6018 -279
42 4555 85
43 3555 243
20 4926 -76
34 6315 -560
19 6535 -217
44 6335 -961
9 4186 -109
31 4630 -107
32 917 3144
***世代 100 適応度 max -65398.0 (25) mean -74437.87 時間 16:28:07.535453
16 262 5073
17 1504 4216
26 151 4998
24 132 5161
14 77 4894
37 724 4985
7 1302 3918
30 -907 1754
33 715 2801
38 1111 916
23 59 4790
27 744 4629
25 243 5117
13 225 4983
22 278 5563
15 373 5029
6 3616 3289
10 5589 416
0 5627 312
2 5774 372
45 5295 -45
40 4613 -419
35 10064 -3378
41 7440 8
3 5684 -28
28 6164 -26
29 6627 -24
21 6517 -188
39 5480 74
1 5646 223
5 3052 1192
4 2979 1043
36 1000 930
8 3334 49
43 3555 243
11 4667 -241
18 4779 -285
42 4555 85
20 4926 -76
44 6335 -961
12 6018 -279
34 6315 -560
19 6535 -217
9 4186 -109
31 4630 -107
32 917 3144
***世代 150 適応度 max -59906.0 (55) mean -63632.85 時間 16:28:12.771067
16 262 5073
17 1504 4216
26 151 4998
24 132 5161
14 77 4894
37 724 4985
7 1302 3918
33 715 2801
38 1111 916
30 -907 1754
23 59 4790
27 744 4629
25 243 5117
15 373 5029
13 225 4983
22 278 5563
6 3616 3289
10 5589 416
0 5627 312
2 5774 372
45 5295 -45
40 4613 -419
34 6315 -560
12 6018 -279
3 5684 -28
18 4779 -285
20 4926 -76
11 4667 -241
42 4555 85
43 3555 243
8 3334 49
36 1000 930
4 2979 1043
5 3052 1192
39 5480 74
1 5646 223
28 6164 -26
21 6517 -188
29 6627 -24
41 7440 8
35 10064 -3378
44 6335 -961
19 6535 -217
9 4186 -109
31 4630 -107
32 917 3144
***世代 200 適応度 max -56588.0 (40) mean -61705.57 時間 16:28:18.958417
16 262 5073
17 1504 4216
26 151 4998
24 132 5161
14 77 4894
37 724 4985
7 1302 3918
33 715 2801
38 1111 916
30 -907 1754
23 59 4790
27 744 4629
13 225 4983
22 278 5563
25 243 5117
15 373 5029
6 3616 3289
10 5589 416
0 5627 312
2 5774 372
45 5295 -45
40 4613 -419
35 10064 -3378
41 7440 8
29 6627 -24
21 6517 -188
28 6164 -26
1 5646 223
39 5480 74
31 4630 -107
9 4186 -109
12 6018 -279
34 6315 -560
19 6535 -217
44 6335 -961
3 5684 -28
18 4779 -285
20 4926 -76
11 4667 -241
42 4555 85
43 3555 243
8 3334 49
36 1000 930
4 2979 1043
5 3052 1192
32 917 3144
***世代 250 適応度 max -56344.0 (39) mean -66971.33 時間 16:28:25.408033
16 262 5073
17 1504 4216
26 151 4998
24 132 5161
14 77 4894
37 724 4985
7 1302 3918
33 715 2801
38 1111 916
30 -907 1754
27 744 4629
23 59 4790
13 225 4983
22 278 5563
25 243 5117
15 373 5029
6 3616 3289
10 5589 416
0 5627 312
2 5774 372
45 5295 -45
40 4613 -419
35 10064 -3378
41 7440 8
29 6627 -24
21 6517 -188
28 6164 -26
1 5646 223
39 5480 74
31 4630 -107
9 4186 -109
12 6018 -279
34 6315 -560
19 6535 -217
44 6335 -961
3 5684 -28
18 4779 -285
20 4926 -76
11 4667 -241
42 4555 85
43 3555 243
8 3334 49
36 1000 930
4 2979 1043
5 3052 1192
32 917 3144
***世代 300 適応度 max -56115.0 (52) mean -65116.94 時間 16:28:31.034887
16 262 5073
17 1504 4216
26 151 4998
24 132 5161
14 77 4894
37 724 4985
7 1302 3918
33 715 2801
38 1111 916
30 -907 1754
27 744 4629
23 59 4790
13 225 4983
22 278 5563
25 243 5117
15 373 5029
6 3616 3289
10 5589 416
0 5627 312
2 5774 372
45 5295 -45
40 4613 -419
35 10064 -3378
41 7440 8
29 6627 -24
21 6517 -188
28 6164 -26
1 5646 223
39 5480 74
31 4630 -107
9 4186 -109
12 6018 -279
34 6315 -560
19 6535 -217
44 6335 -961
3 5684 -28
20 4926 -76
11 4667 -241
18 4779 -285
42 4555 85
43 3555 243
8 3334 49
36 1000 930
4 2979 1043
5 3052 1192
32 917 3144
***世代 350 適応度 max -54695.0 (25) mean -57468.27 時間 16:28:36.103720
16 262 5073
17 1504 4216
14 77 4894
26 151 4998
24 132 5161
37 724 4985
7 1302 3918
33 715 2801
38 1111 916
30 -907 1754
27 744 4629
23 59 4790
13 225 4983
25 243 5117
22 278 5563
15 373 5029
6 3616 3289
2 5774 372
10 5589 416
0 5627 312
45 5295 -45
40 4613 -419
35 10064 -3378
41 7440 8
29 6627 -24
21 6517 -188
28 6164 -26
1 5646 223
39 5480 74
31 4630 -107
11 4667 -241
3 5684 -28
12 6018 -279
19 6535 -217
34 6315 -560
44 6335 -961
20 4926 -76
18 4779 -285
42 4555 85
9 4186 -109
43 3555 243
8 3334 49
36 1000 930
4 2979 1043
5 3052 1192
32 917 3144
***世代 400 適応度 max -54222.0 (9) mean -58218.66 時間 16:28:40.828613
16 262 5073
17 1504 4216
14 77 4894
24 132 5161
26 151 4998
37 724 4985
7 1302 3918
33 715 2801
38 1111 916
30 -907 1754
27 744 4629
23 59 4790
13 225 4983
25 243 5117
22 278 5563
15 373 5029
6 3616 3289
10 5589 416
0 5627 312
2 5774 372
45 5295 -45
40 4613 -419
35 10064 -3378
41 7440 8
29 6627 -24
21 6517 -188
19 6535 -217
28 6164 -26
1 5646 223
39 5480 74
42 4555 85
31 4630 -107
3 5684 -28
12 6018 -279
34 6315 -560
44 6335 -961
20 4926 -76
18 4779 -285
11 4667 -241
9 4186 -109
43 3555 243
8 3334 49
36 1000 930
4 2979 1043
5 3052 1192
32 917 3144
***世代 450 適応度 max -53692.0 (76) mean -61651.45 時間 16:28:47.337444
16 262 5073
17 1504 4216
14 77 4894
24 132 5161
26 151 4998
37 724 4985
7 1302 3918
5 3052 1192
4 2979 1043
36 1000 930
8 3334 49
43 3555 243
9 4186 -109
11 4667 -241
18 4779 -285
20 4926 -76
44 6335 -961
34 6315 -560
12 6018 -279
3 5684 -28
31 4630 -107
42 4555 85
39 5480 74
1 5646 223
28 6164 -26
21 6517 -188
19 6535 -217
29 6627 -24
41 7440 8
35 10064 -3378
40 4613 -419
45 5295 -45
2 5774 372
0 5627 312
10 5589 416
6 3616 3289
15 373 5029
22 278 5563
25 243 5117
13 225 4983
23 59 4790
27 744 4629
30 -907 1754
38 1111 916
33 715 2801
32 917 3144
***世代 500 適応度 max -53692.0 (76) mean -64673.12 時間 16:28:53.506303
16 262 5073
17 1504 4216
14 77 4894
24 132 5161
26 151 4998
37 724 4985
7 1302 3918
5 3052 1192
4 2979 1043
36 1000 930
8 3334 49
43 3555 243
9 4186 -109
11 4667 -241
18 4779 -285
20 4926 -76
44 6335 -961
34 6315 -560
12 6018 -279
3 5684 -28
31 4630 -107
42 4555 85
39 5480 74
1 5646 223
28 6164 -26
21 6517 -188
19 6535 -217
29 6627 -24
41 7440 8
35 10064 -3378
40 4613 -419
45 5295 -45
2 5774 372
0 5627 312
10 5589 416
6 3616 3289
15 373 5029
22 278 5563
25 243 5117
13 225 4983
23 59 4790
27 744 4629
30 -907 1754
38 1111 916
33 715 2801
32 917 3144
***世代 550 適応度 max -53404.0 (85) mean -56745.52 時間 16:28:59.565173
16 262 5073
17 1504 4216
14 77 4894
24 132 5161
26 151 4998
37 724 4985
7 1302 3918
33 715 2801
38 1111 916
30 -907 1754
27 744 4629
23 59 4790
13 225 4983
25 243 5117
22 278 5563
15 373 5029
6 3616 3289
10 5589 416
0 5627 312
2 5774 372
12 6018 -279
35 10064 -3378
41 7440 8
29 6627 -24
21 6517 -188
19 6535 -217
28 6164 -26
1 5646 223
39 5480 74
3 5684 -28
42 4555 85
31 4630 -107
40 4613 -419
45 5295 -45
34 6315 -560
44 6335 -961
18 4779 -285
20 4926 -76
11 4667 -241
9 4186 -109
43 3555 243
8 3334 49
36 1000 930
4 2979 1043
5 3052 1192
32 917 3144
***世代 600 適応度 max -52864.0 (43) mean -55006.4 時間 16:29:05.750509
16 262 5073
17 1504 4216
14 77 4894
24 132 5161
26 151 4998
23 59 4790
7 1302 3918
33 715 2801
38 1111 916
30 -907 1754
27 744 4629
37 724 4985
13 225 4983
25 243 5117
22 278 5563
15 373 5029
6 3616 3289
10 5589 416
0 5627 312
2 5774 372
12 6018 -279
35 10064 -3378
41 7440 8
29 6627 -24
19 6535 -217
21 6517 -188
28 6164 -26
3 5684 -28
39 5480 74
45 5295 -45
40 4613 -419
31 4630 -107
42 4555 85
44 6335 -961
34 6315 -560
1 5646 223
20 4926 -76
18 4779 -285
11 4667 -241
9 4186 -109
43 3555 243
8 3334 49
36 1000 930
4 2979 1043
5 3052 1192
32 917 3144
***世代 650 適応度 max -47839.0 (6) mean -52719.42 時間 16:29:10.904106
30 -907 1754
38 1111 916
33 715 2801
7 1302 3918
17 1504 4216
26 151 4998
16 262 5073
24 132 5161
14 77 4894
23 59 4790
27 744 4629
37 724 4985
13 225 4983
25 243 5117
22 278 5563
15 373 5029
6 3616 3289
10 5589 416
0 5627 312
2 5774 372
12 6018 -279
35 10064 -3378
41 7440 8
29 6627 -24
19 6535 -217
21 6517 -188
28 6164 -26
3 5684 -28
39 5480 74
45 5295 -45
42 4555 85
31 4630 -107
40 4613 -419
1 5646 223
34 6315 -560
44 6335 -961
20 4926 -76
18 4779 -285
11 4667 -241
9 4186 -109
43 3555 243
8 3334 49
36 1000 930
4 2979 1043
5 3052 1192
32 917 3144
***世代 700 適応度 max -47252.0 (25) mean -48350.34 時間 16:29:16.042658
30 -907 1754
38 1111 916
33 715 2801
7 1302 3918
17 1504 4216
27 744 4629
14 77 4894
23 59 4790
26 151 4998
24 132 5161
16 262 5073
37 724 4985
13 225 4983
25 243 5117
22 278 5563
15 373 5029
6 3616 3289
10 5589 416
0 5627 312
2 5774 372
12 6018 -279
35 10064 -3378
41 7440 8
29 6627 -24
19 6535 -217
21 6517 -188
28 6164 -26
3 5684 -28
39 5480 74
45 5295 -45
42 4555 85
31 4630 -107
40 4613 -419
1 5646 223
34 6315 -560
44 6335 -961
20 4926 -76
18 4779 -285
11 4667 -241
9 4186 -109
43 3555 243
8 3334 49
36 1000 930
4 2979 1043
5 3052 1192
32 917 3144
***世代 750 適応度 max -46873.0 (55) mean -48741.74 時間 16:29:21.126956
30 -907 1754
38 1111 916
33 715 2801
7 1302 3918
17 1504 4216
27 744 4629
37 724 4985
24 132 5161
16 262 5073
26 151 4998
14 77 4894
23 59 4790
13 225 4983
25 243 5117
22 278 5563
15 373 5029
6 3616 3289
10 5589 416
0 5627 312
2 5774 372
12 6018 -279
35 10064 -3378
41 7440 8
29 6627 -24
19 6535 -217
21 6517 -188
28 6164 -26
3 5684 -28
39 5480 74
45 5295 -45
40 4613 -419
42 4555 85
31 4630 -107
34 6315 -560
44 6335 -961
1 5646 223
20 4926 -76
18 4779 -285
11 4667 -241
9 4186 -109
43 3555 243
8 3334 49
36 1000 930
4 2979 1043
5 3052 1192
32 917 3144
***世代 800 適応度 max -44582.0 (14) mean -45383.05 時間 16:29:25.783261
30 -907 1754
38 1111 916
33 715 2801
7 1302 3918
17 1504 4216
27 744 4629
37 724 4985
24 132 5161
16 262 5073
26 151 4998
14 77 4894
23 59 4790
13 225 4983
25 243 5117
22 278 5563
15 373 5029
6 3616 3289
10 5589 416
0 5627 312
2 5774 372
12 6018 -279
35 10064 -3378
41 7440 8
29 6627 -24
19 6535 -217
21 6517 -188
28 6164 -26
3 5684 -28
39 5480 74
45 5295 -45
40 4613 -419
31 4630 -107
42 4555 85
1 5646 223
34 6315 -560
44 6335 -961
20 4926 -76
18 4779 -285
11 4667 -241
9 4186 -109
43 3555 243
8 3334 49
5 3052 1192
4 2979 1043
36 1000 930
32 917 3144
***世代 850 適応度 max -44388.0 (1) mean -45042.38 時間 16:29:30.536582
30 -907 1754
38 1111 916
33 715 2801
7 1302 3918
17 1504 4216
27 744 4629
37 724 4985
16 262 5073
13 225 4983
23 59 4790
14 77 4894
26 151 4998
24 132 5161
25 243 5117
22 278 5563
15 373 5029
6 3616 3289
10 5589 416
0 5627 312
2 5774 372
12 6018 -279
35 10064 -3378
41 7440 8
29 6627 -24
19 6535 -217
21 6517 -188
28 6164 -26
3 5684 -28
39 5480 74
45 5295 -45
40 4613 -419
31 4630 -107
42 4555 85
1 5646 223
34 6315 -560
44 6335 -961
20 4926 -76
18 4779 -285
11 4667 -241
9 4186 -109
43 3555 243
8 3334 49
5 3052 1192
4 2979 1043
36 1000 930
32 917 3144
***世代 900 適応度 max -44312.0 (1) mean -45717.62 時間 16:29:35.086383
30 -907 1754
38 1111 916
33 715 2801
7 1302 3918
17 1504 4216
27 744 4629
37 724 4985
16 262 5073
13 225 4983
23 59 4790
14 77 4894
26 151 4998
24 132 5161
22 278 5563
25 243 5117
15 373 5029
6 3616 3289
10 5589 416
0 5627 312
2 5774 372
12 6018 -279
35 10064 -3378
41 7440 8
29 6627 -24
19 6535 -217
21 6517 -188
28 6164 -26
3 5684 -28
39 5480 74
45 5295 -45
40 4613 -419
31 4630 -107
42 4555 85
1 5646 223
34 6315 -560
44 6335 -961
20 4926 -76
18 4779 -285
11 4667 -241
9 4186 -109
43 3555 243
8 3334 49
5 3052 1192
4 2979 1043
36 1000 930
32 917 3144
***世代 950 適応度 max -42722.0 (93) mean -45987.99 時間 16:29:41.395246
30 -907 1754
38 1111 916
33 715 2801
7 1302 3918
17 1504 4216
27 744 4629
37 724 4985
16 262 5073
13 225 4983
14 77 4894
23 59 4790
26 151 4998
24 132 5161
25 243 5117
22 278 5563
15 373 5029
6 3616 3289
10 5589 416
0 5627 312
2 5774 372
28 6164 -26
21 6517 -188
29 6627 -24
19 6535 -217
41 7440 8
35 10064 -3378
44 6335 -961
34 6315 -560
12 6018 -279
45 5295 -45
31 4630 -107
40 4613 -419
42 4555 85
39 5480 74
3 5684 -28
1 5646 223
20 4926 -76
18 4779 -285
11 4667 -241
9 4186 -109
43 3555 243
8 3334 49
5 3052 1192
4 2979 1043
36 1000 930
32 917 3144
***世代 1000 適応度 max -42216.0 (17) mean -46104.19 時間 16:29:47.856649
30 -907 1754
38 1111 916
33 715 2801
7 1302 3918
17 1504 4216
27 744 4629
37 724 4985
16 262 5073
13 225 4983
14 77 4894
23 59 4790
26 151 4998
25 243 5117
24 132 5161
22 278 5563
15 373 5029
6 3616 3289
10 5589 416
0 5627 312
2 5774 372
28 6164 -26
21 6517 -188
19 6535 -217
29 6627 -24
41 7440 8
35 10064 -3378
44 6335 -961
34 6315 -560
12 6018 -279
45 5295 -45
40 4613 -419
31 4630 -107
42 4555 85
39 5480 74
3 5684 -28
1 5646 223
20 4926 -76
18 4779 -285
11 4667 -241
9 4186 -109
43 3555 243
8 3334 49
5 3052 1192
4 2979 1043
36 1000 930
32 917 3144
***世代 1050 適応度 max -42073.0 (78) mean -44569.58 時間 16:29:53.303495
30 -907 1754
38 1111 916
33 715 2801
7 1302 3918
17 1504 4216
27 744 4629
37 724 4985
16 262 5073
26 151 4998
14 77 4894
23 59 4790
24 132 5161
22 278 5563
25 243 5117
13 225 4983
15 373 5029
6 3616 3289
10 5589 416
0 5627 312
2 5774 372
28 6164 -26
21 6517 -188
19 6535 -217
29 6627 -24
41 7440 8
35 10064 -3378
44 6335 -961
34 6315 -560
12 6018 -279
3 5684 -28
45 5295 -45
40 4613 -419
31 4630 -107
42 4555 85
39 5480 74
1 5646 223
20 4926 -76
18 4779 -285
11 4667 -241
9 4186 -109
43 3555 243
8 3334 49
5 3052 1192
4 2979 1043
36 1000 930
32 917 3144
***世代 1100 適応度 max -41948.0 (7) mean -42786.35 時間 16:29:58.608939
30 -907 1754
38 1111 916
33 715 2801
7 1302 3918
17 1504 4216
27 744 4629
37 724 4985
16 262 5073
13 225 4983
26 151 4998
14 77 4894
23 59 4790
24 132 5161
22 278 5563
25 243 5117
15 373 5029
6 3616 3289
10 5589 416
0 5627 312
2 5774 372
28 6164 -26
21 6517 -188
19 6535 -217
29 6627 -24
41 7440 8
35 10064 -3378
44 6335 -961
34 6315 -560
12 6018 -279
3 5684 -28
45 5295 -45
40 4613 -419
31 4630 -107
42 4555 85
1 5646 223
39 5480 74
20 4926 -76
18 4779 -285
11 4667 -241
9 4186 -109
43 3555 243
8 3334 49
5 3052 1192
4 2979 1043
36 1000 930
32 917 3144
***世代 1150 適応度 max -39345.0 (58) mean -54961.79 時間 16:30:03.654575
30 -907 1754
38 1111 916
36 1000 930
4 2979 1043
5 3052 1192
8 3334 49
43 3555 243
9 4186 -109
11 4667 -241
18 4779 -285
20 4926 -76
39 5480 74
1 5646 223
40 4613 -419
31 4630 -107
42 4555 85
45 5295 -45
3 5684 -28
12 6018 -279
34 6315 -560
44 6335 -961
35 10064 -3378
41 7440 8
19 6535 -217
21 6517 -188
29 6627 -24
28 6164 -26
2 5774 372
0 5627 312
10 5589 416
6 3616 3289
15 373 5029
25 243 5117
13 225 4983
22 278 5563
26 151 4998
14 77 4894
24 132 5161
23 59 4790
16 262 5073
37 724 4985
27 744 4629
17 1504 4216
7 1302 3918
33 715 2801
32 917 3144
***世代 1200 適応度 max -39345.0 (58) mean -51000.65 時間 16:30:08.249118
30 -907 1754
38 1111 916
36 1000 930
4 2979 1043
5 3052 1192
8 3334 49
43 3555 243
9 4186 -109
11 4667 -241
18 4779 -285
20 4926 -76
39 5480 74
1 5646 223
40 4613 -419
31 4630 -107
42 4555 85
45 5295 -45
3 5684 -28
12 6018 -279
34 6315 -560
44 6335 -961
35 10064 -3378
41 7440 8
19 6535 -217
21 6517 -188
29 6627 -24
28 6164 -26
2 5774 372
0 5627 312
10 5589 416
6 3616 3289
15 373 5029
25 243 5117
13 225 4983
22 278 5563
26 151 4998
14 77 4894
24 132 5161
23 59 4790
16 262 5073
37 724 4985
27 744 4629
17 1504 4216
7 1302 3918
33 715 2801
32 917 3144
***世代 1250 適応度 max -39345.0 (58) mean -55503.16 時間 16:30:12.863337
30 -907 1754
38 1111 916
36 1000 930
4 2979 1043
5 3052 1192
8 3334 49
43 3555 243
9 4186 -109
11 4667 -241
18 4779 -285
20 4926 -76
39 5480 74
1 5646 223
40 4613 -419
31 4630 -107
42 4555 85
45 5295 -45
3 5684 -28
12 6018 -279
34 6315 -560
44 6335 -961
35 10064 -3378
41 7440 8
19 6535 -217
21 6517 -188
29 6627 -24
28 6164 -26
2 5774 372
0 5627 312
10 5589 416
6 3616 3289
15 373 5029
25 243 5117
13 225 4983
22 278 5563
26 151 4998
14 77 4894
24 132 5161
23 59 4790
16 262 5073
37 724 4985
27 744 4629
17 1504 4216
7 1302 3918
33 715 2801
32 917 3144
***世代 1300 適応度 max -39345.0 (52) mean -70804.73 時間 16:30:16.828616
30 -907 1754
38 1111 916
36 1000 930
4 2979 1043
5 3052 1192
8 3334 49
43 3555 243
9 4186 -109
11 4667 -241
18 4779 -285
20 4926 -76
39 5480 74
1 5646 223
40 4613 -419
31 4630 -107
42 4555 85
45 5295 -45
3 5684 -28
12 6018 -279
34 6315 -560
44 6335 -961
35 10064 -3378
41 7440 8
19 6535 -217
21 6517 -188
29 6627 -24
28 6164 -26
2 5774 372
0 5627 312
10 5589 416
6 3616 3289
15 373 5029
25 243 5117
13 225 4983
22 278 5563
26 151 4998
14 77 4894
24 132 5161
23 59 4790
16 262 5073
37 724 4985
27 744 4629
17 1504 4216
7 1302 3918
33 715 2801
32 917 3144
***世代 1350 適応度 max -39345.0 (52) mean -61678.2 時間 16:30:20.680747
30 -907 1754
38 1111 916
36 1000 930
4 2979 1043
5 3052 1192
8 3334 49
43 3555 243
9 4186 -109
11 4667 -241
18 4779 -285
20 4926 -76
39 5480 74
1 5646 223
40 4613 -419
31 4630 -107
42 4555 85
45 5295 -45
3 5684 -28
12 6018 -279
34 6315 -560
44 6335 -961
35 10064 -3378
41 7440 8
19 6535 -217
21 6517 -188
29 6627 -24
28 6164 -26
2 5774 372
0 5627 312
10 5589 416
6 3616 3289
15 373 5029
25 243 5117
13 225 4983
22 278 5563
26 151 4998
14 77 4894
24 132 5161
23 59 4790
16 262 5073
37 724 4985
27 744 4629
17 1504 4216
7 1302 3918
33 715 2801
32 917 3144
***世代 1400 適応度 max -39345.0 (52) mean -84817.04 時間 16:30:24.343054
30 -907 1754
38 1111 916
36 1000 930
4 2979 1043
5 3052 1192
8 3334 49
43 3555 243
9 4186 -109
11 4667 -241
18 4779 -285
20 4926 -76
39 5480 74
1 5646 223
40 4613 -419
31 4630 -107
42 4555 85
45 5295 -45
3 5684 -28
12 6018 -279
34 6315 -560
44 6335 -961
35 10064 -3378
41 7440 8
19 6535 -217
21 6517 -188
29 6627 -24
28 6164 -26
2 5774 372
0 5627 312
10 5589 416
6 3616 3289
15 373 5029
25 243 5117
13 225 4983
22 278 5563
26 151 4998
14 77 4894
24 132 5161
23 59 4790
16 262 5073
37 724 4985
27 744 4629
17 1504 4216
7 1302 3918
33 715 2801
32 917 3144
***世代 1450 適応度 max -39345.0 (52) mean -83973.47 時間 16:30:28.397019
30 -907 1754
38 1111 916
36 1000 930
4 2979 1043
5 3052 1192
8 3334 49
43 3555 243
9 4186 -109
11 4667 -241
18 4779 -285
20 4926 -76
39 5480 74
1 5646 223
40 4613 -419
31 4630 -107
42 4555 85
45 5295 -45
3 5684 -28
12 6018 -279
34 6315 -560
44 6335 -961
35 10064 -3378
41 7440 8
19 6535 -217
21 6517 -188
29 6627 -24
28 6164 -26
2 5774 372
0 5627 312
10 5589 416
6 3616 3289
15 373 5029
25 243 5117
13 225 4983
22 278 5563
26 151 4998
14 77 4894
24 132 5161
23 59 4790
16 262 5073
37 724 4985
27 744 4629
17 1504 4216
7 1302 3918
33 715 2801
32 917 3144
***世代 1500 適応度 max -39092.0 (1) mean -48102.28 時間 16:30:32.867950
30 -907 1754
38 1111 916
36 1000 930
4 2979 1043
5 3052 1192
8 3334 49
43 3555 243
9 4186 -109
11 4667 -241
18 4779 -285
20 4926 -76
39 5480 74
1 5646 223
40 4613 -419
31 4630 -107
42 4555 85
45 5295 -45
3 5684 -28
12 6018 -279
34 6315 -560
44 6335 -961
35 10064 -3378
41 7440 8
19 6535 -217
21 6517 -188
29 6627 -24
28 6164 -26
2 5774 372
0 5627 312
10 5589 416
6 3616 3289
15 373 5029
22 278 5563
25 243 5117
13 225 4983
26 151 4998
14 77 4894
24 132 5161
23 59 4790
16 262 5073
37 724 4985
27 744 4629
17 1504 4216
7 1302 3918
33 715 2801
32 917 3144
***世代 1550 適応度 max -37467.0 (16) mean -39621.6 時間 16:30:37.553299
30 -907 1754
38 1111 916
36 1000 930
4 2979 1043
5 3052 1192
8 3334 49
43 3555 243
9 4186 -109
11 4667 -241
18 4779 -285
40 4613 -419
31 4630 -107
42 4555 85
20 4926 -76
39 5480 74
1 5646 223
45 5295 -45
3 5684 -28
12 6018 -279
34 6315 -560
44 6335 -961
35 10064 -3378
41 7440 8
29 6627 -24
21 6517 -188
19 6535 -217
28 6164 -26
2 5774 372
0 5627 312
10 5589 416
6 3616 3289
15 373 5029
25 243 5117
22 278 5563
13 225 4983
26 151 4998
14 77 4894
23 59 4790
24 132 5161
16 262 5073
37 724 4985
27 744 4629
17 1504 4216
7 1302 3918
33 715 2801
32 917 3144
***世代 1600 適応度 max -37288.0 (81) mean -37913.1 時間 16:30:42.408742
30 -907 1754
38 1111 916
36 1000 930
4 2979 1043
5 3052 1192
8 3334 49
43 3555 243
9 4186 -109
11 4667 -241
18 4779 -285
40 4613 -419
31 4630 -107
42 4555 85
20 4926 -76
39 5480 74
1 5646 223
45 5295 -45
3 5684 -28
12 6018 -279
34 6315 -560
44 6335 -961
35 10064 -3378
41 7440 8
29 6627 -24
19 6535 -217
21 6517 -188
28 6164 -26
2 5774 372
0 5627 312
10 5589 416
6 3616 3289
15 373 5029
22 278 5563
24 132 5161
25 243 5117
13 225 4983
14 77 4894
23 59 4790
26 151 4998
16 262 5073
37 724 4985
27 744 4629
17 1504 4216
7 1302 3918
33 715 2801
32 917 3144
***世代 1650 適応度 max -36669.0 (12) mean -38063.49 時間 16:30:47.645370
30 -907 1754
38 1111 916
36 1000 930
4 2979 1043
5 3052 1192
8 3334 49
43 3555 243
9 4186 -109
11 4667 -241
18 4779 -285
40 4613 -419
31 4630 -107
42 4555 85
20 4926 -76
45 5295 -45
39 5480 74
1 5646 223
3 5684 -28
12 6018 -279
34 6315 -560
44 6335 -961
35 10064 -3378
41 7440 8
29 6627 -24
19 6535 -217
21 6517 -188
28 6164 -26
2 5774 372
0 5627 312
10 5589 416
6 3616 3289
15 373 5029
22 278 5563
24 132 5161
26 151 4998
14 77 4894
23 59 4790
13 225 4983
25 243 5117
16 262 5073
37 724 4985
27 744 4629
17 1504 4216
7 1302 3918
33 715 2801
32 917 3144
***世代 1700 適応度 max -36669.0 (5) mean -37252.35 時間 16:30:52.936567
30 -907 1754
38 1111 916
36 1000 930
4 2979 1043
5 3052 1192
8 3334 49
43 3555 243
9 4186 -109
11 4667 -241
18 4779 -285
40 4613 -419
31 4630 -107
42 4555 85
20 4926 -76
45 5295 -45
39 5480 74
1 5646 223
3 5684 -28
12 6018 -279
34 6315 -560
44 6335 -961
35 10064 -3378
41 7440 8
29 6627 -24
19 6535 -217
21 6517 -188
28 6164 -26
2 5774 372
0 5627 312
10 5589 416
6 3616 3289
15 373 5029
22 278 5563
24 132 5161
26 151 4998
14 77 4894
23 59 4790
13 225 4983
25 243 5117
16 262 5073
37 724 4985
27 744 4629
17 1504 4216
7 1302 3918
33 715 2801
32 917 3144
***世代 1750 適応度 max -36594.0 (4) mean -38985.33 時間 16:30:58.216371
30 -907 1754
38 1111 916
36 1000 930
4 2979 1043
5 3052 1192
8 3334 49
43 3555 243
9 4186 -109
11 4667 -241
18 4779 -285
40 4613 -419
31 4630 -107
42 4555 85
20 4926 -76
45 5295 -45
39 5480 74
1 5646 223
3 5684 -28
12 6018 -279
34 6315 -560
44 6335 -961
35 10064 -3378
41 7440 8
29 6627 -24
19 6535 -217
21 6517 -188
28 6164 -26
2 5774 372
0 5627 312
10 5589 416
6 3616 3289
15 373 5029
13 225 4983
23 59 4790
14 77 4894
26 151 4998
24 132 5161
22 278 5563
25 243 5117
16 262 5073
37 724 4985
27 744 4629
17 1504 4216
7 1302 3918
33 715 2801
32 917 3144
***世代 1800 適応度 max -36467.0 (53) mean -37359.91 時間 16:31:02.817675
30 -907 1754
38 1111 916
36 1000 930
4 2979 1043
5 3052 1192
8 3334 49
43 3555 243
9 4186 -109
40 4613 -419
18 4779 -285
11 4667 -241
31 4630 -107
42 4555 85
20 4926 -76
45 5295 -45
39 5480 74
1 5646 223
3 5684 -28
12 6018 -279
34 6315 -560
44 6335 -961
35 10064 -3378
41 7440 8
29 6627 -24
19 6535 -217
21 6517 -188
28 6164 -26
2 5774 372
0 5627 312
10 5589 416
6 3616 3289
15 373 5029
13 225 4983
14 77 4894
23 59 4790
26 151 4998
24 132 5161
22 278 5563
25 243 5117
16 262 5073
37 724 4985
27 744 4629
17 1504 4216
7 1302 3918
33 715 2801
32 917 3144
***世代 1850 適応度 max -36450.0 (7) mean -37048.06 時間 16:31:07.368655
30 -907 1754
38 1111 916
36 1000 930
4 2979 1043
5 3052 1192
8 3334 49
43 3555 243
9 4186 -109
40 4613 -419
18 4779 -285
11 4667 -241
31 4630 -107
42 4555 85
20 4926 -76
45 5295 -45
39 5480 74
1 5646 223
3 5684 -28
12 6018 -279
34 6315 -560
44 6335 -961
35 10064 -3378
41 7440 8
29 6627 -24
19 6535 -217
21 6517 -188
28 6164 -26
2 5774 372
0 5627 312
10 5589 416
6 3616 3289
15 373 5029
13 225 4983
23 59 4790
14 77 4894
26 151 4998
24 132 5161
22 278 5563
25 243 5117
16 262 5073
37 724 4985
27 744 4629
17 1504 4216
7 1302 3918
33 715 2801
32 917 3144
***世代 1900 適応度 max -36450.0 (5) mean -37705.12 時間 16:31:12.115709
30 -907 1754
38 1111 916
36 1000 930
4 2979 1043
5 3052 1192
8 3334 49
43 3555 243
9 4186 -109
40 4613 -419
18 4779 -285
11 4667 -241
31 4630 -107
42 4555 85
20 4926 -76
45 5295 -45
39 5480 74
1 5646 223
3 5684 -28
12 6018 -279
34 6315 -560
44 6335 -961
35 10064 -3378
41 7440 8
29 6627 -24
19 6535 -217
21 6517 -188
28 6164 -26
2 5774 372
0 5627 312
10 5589 416
6 3616 3289
15 373 5029
13 225 4983
23 59 4790
14 77 4894
26 151 4998
24 132 5161
22 278 5563
25 243 5117
16 262 5073
37 724 4985
27 744 4629
17 1504 4216
7 1302 3918
33 715 2801
32 917 3144
***世代 1950 適応度 max -36403.0 (0) mean -37088.0 時間 16:31:16.899129
30 -907 1754
38 1111 916
36 1000 930
4 2979 1043
5 3052 1192
8 3334 49
43 3555 243
9 4186 -109
40 4613 -419
11 4667 -241
18 4779 -285
31 4630 -107
42 4555 85
20 4926 -76
45 5295 -45
39 5480 74
1 5646 223
3 5684 -28
12 6018 -279
34 6315 -560
44 6335 -961
35 10064 -3378
41 7440 8
29 6627 -24
19 6535 -217
21 6517 -188
28 6164 -26
2 5774 372
0 5627 312
10 5589 416
6 3616 3289
23 59 4790
14 77 4894
26 151 4998
13 225 4983
24 132 5161
22 278 5563
25 243 5117
16 262 5073
15 373 5029
37 724 4985
27 744 4629
17 1504 4216
7 1302 3918
33 715 2801
32 917 3144
***世代 2000 適応度 max -36305.0 (14) mean -37404.63 時間 16:31:21.738476
30 -907 1754
38 1111 916
36 1000 930
4 2979 1043
5 3052 1192
8 3334 49
43 3555 243
9 4186 -109
40 4613 -419
18 4779 -285
11 4667 -241
31 4630 -107
42 4555 85
20 4926 -76
45 5295 -45
39 5480 74
1 5646 223
3 5684 -28
12 6018 -279
34 6315 -560
44 6335 -961
35 10064 -3378
41 7440 8
29 6627 -24
19 6535 -217
21 6517 -188
28 6164 -26
2 5774 372
0 5627 312
10 5589 416
6 3616 3289
37 724 4985
13 225 4983
23 59 4790
14 77 4894
26 151 4998
24 132 5161
22 278 5563
25 243 5117
16 262 5073
15 373 5029
27 744 4629
17 1504 4216
7 1302 3918
33 715 2801
32 917 3144
***世代 1999 適応度 max -36305.0 (14) mean -37404.63 時間 16:31:21.738981
30 -907 1754
38 1111 916
36 1000 930
4 2979 1043
5 3052 1192
8 3334 49
43 3555 243
9 4186 -109
40 4613 -419
18 4779 -285
11 4667 -241
31 4630 -107
42 4555 85
20 4926 -76
45 5295 -45
39 5480 74
1 5646 223
3 5684 -28
12 6018 -279
34 6315 -560
44 6335 -961
35 10064 -3378
41 7440 8
29 6627 -24
19 6535 -217
21 6517 -188
28 6164 -26
2 5774 372
0 5627 312
10 5589 416
6 3616 3289
37 724 4985
13 225 4983
23 59 4790
14 77 4894
26 151 4998
24 132 5161
22 278 5563
25 243 5117
16 262 5073
15 373 5029
27 744 4629
17 1504 4216
7 1302 3918
33 715 2801
32 917 3144
