***世代 1 適応度 max -171057.0 (34) mean -206309.0 時間 16:37:56.233498
31 1939 1945
22 2308 2050
25 724 5030
12 1687 280
10 6204 -546
30 5331 296
13 989 -584
18 1420 2284
38 1100 3605
23 -125 4893
0 3446 -9
19 6111 -516
11 5651 -890
7 4944 -180
24 2615 -280
28 761 5015
29 7805 1138
16 2423 1189
39 4461 351
41 1142 2402
36 467 4672
20 2161 1931
26 2093 -3476
2 2252 2169
42 168 5266
21 224 5340
5 -328 4818
14 334 5519
27 9635 1503
6 8139 1021
40 10379 -3450
4 2068 2079
35 -4919 5840
34 6389 -515
8 8523 1988
17 9542 1577
33 5462 -133
9 6242 -738
15 225 4969
32 5612 -608
3 2161 1901
1 2089 1455
37 1831 5688
***世代 50 適応度 max -113114.0 (21) mean -148143.81 時間 16:38:00.390880
5 -328 4818
33 5462 -133
7 4944 -180
10 6204 -546
15 225 4969
14 334 5519
31 1939 1945
23 -125 4893
38 1100 3605
25 724 5030
13 989 -584
0 3446 -9
12 1687 280
26 2093 -3476
24 2615 -280
41 1142 2402
39 4461 351
1 2089 1455
22 2308 2050
20 2161 1931
3 2161 1901
18 1420 2284
2 2252 2169
35 -4919 5840
42 168 5266
21 224 5340
36 467 4672
28 761 5015
4 2068 2079
16 2423 1189
30 5331 296
9 6242 -738
40 10379 -3450
34 6389 -515
6 8139 1021
8 8523 1988
17 9542 1577
27 9635 1503
11 5651 -890
32 5612 -608
19 6111 -516
29 7805 1138
37 1831 5688
***世代 100 適応度 max -97574.0 (69) mean -106833.72 時間 16:38:04.537331
5 -328 4818
33 5462 -133
7 4944 -180
10 6204 -546
15 225 4969
14 334 5519
25 724 5030
23 -125 4893
13 989 -584
26 2093 -3476
39 4461 351
0 3446 -9
12 1687 280
24 2615 -280
1 2089 1455
18 1420 2284
41 1142 2402
22 2308 2050
20 2161 1931
3 2161 1901
2 2252 2169
31 1939 1945
38 1100 3605
28 761 5015
35 -4919 5840
21 224 5340
42 168 5266
36 467 4672
4 2068 2079
16 2423 1189
30 5331 296
9 6242 -738
40 10379 -3450
34 6389 -515
6 8139 1021
8 8523 1988
17 9542 1577
27 9635 1503
11 5651 -890
32 5612 -608
19 6111 -516
29 7805 1138
37 1831 5688
***世代 150 適応度 max -95226.0 (10) mean -98618.45 時間 16:38:09.582658
5 -328 4818
33 5462 -133
7 4944 -180
10 6204 -546
15 225 4969
14 334 5519
25 724 5030
23 -125 4893
13 989 -584
26 2093 -3476
39 4461 351
0 3446 -9
24 2615 -280
12 1687 280
1 2089 1455
41 1142 2402
18 1420 2284
4 2068 2079
22 2308 2050
2 2252 2169
20 2161 1931
3 2161 1901
31 1939 1945
38 1100 3605
28 761 5015
36 467 4672
42 168 5266
21 224 5340
35 -4919 5840
16 2423 1189
30 5331 296
9 6242 -738
40 10379 -3450
34 6389 -515
6 8139 1021
8 8523 1988
17 9542 1577
27 9635 1503
11 5651 -890
32 5612 -608
19 6111 -516
29 7805 1138
37 1831 5688
***世代 200 適応度 max -94051.0 (81) mean -96531.87 時間 16:38:14.811061
5 -328 4818
33 5462 -133
27 9635 1503
17 9542 1577
8 8523 1988
6 8139 1021
34 6389 -515
40 10379 -3450
9 6242 -738
30 5331 296
16 2423 1189
35 -4919 5840
21 224 5340
42 168 5266
28 761 5015
36 467 4672
38 1100 3605
31 1939 1945
4 2068 2079
3 2161 1901
22 2308 2050
2 2252 2169
20 2161 1931
18 1420 2284
41 1142 2402
1 2089 1455
12 1687 280
24 2615 -280
0 3446 -9
39 4461 351
26 2093 -3476
13 989 -584
23 -125 4893
25 724 5030
14 334 5519
15 225 4969
7 4944 -180
10 6204 -546
11 5651 -890
32 5612 -608
19 6111 -516
29 7805 1138
37 1831 5688
***世代 250 適応度 max -93317.0 (99) mean -99793.91 時間 16:38:19.116934
5 -328 4818
33 5462 -133
7 4944 -180
10 6204 -546
15 225 4969
14 334 5519
25 724 5030
23 -125 4893
13 989 -584
26 2093 -3476
39 4461 351
0 3446 -9
24 2615 -280
12 1687 280
1 2089 1455
41 1142 2402
18 1420 2284
20 2161 1931
22 2308 2050
3 2161 1901
2 2252 2169
4 2068 2079
31 1939 1945
38 1100 3605
36 467 4672
28 761 5015
42 168 5266
21 224 5340
35 -4919 5840
16 2423 1189
30 5331 296
9 6242 -738
34 6389 -515
40 10379 -3450
6 8139 1021
8 8523 1988
17 9542 1577
27 9635 1503
11 5651 -890
32 5612 -608
19 6111 -516
29 7805 1138
37 1831 5688
***世代 300 適応度 max -91871.0 (73) mean -100430.54 時間 16:38:23.480566
5 -328 4818
33 5462 -133
10 6204 -546
7 4944 -180
15 225 4969
14 334 5519
25 724 5030
23 -125 4893
13 989 -584
26 2093 -3476
39 4461 351
0 3446 -9
24 2615 -280
12 1687 280
1 2089 1455
41 1142 2402
18 1420 2284
20 2161 1931
22 2308 2050
3 2161 1901
2 2252 2169
4 2068 2079
31 1939 1945
38 1100 3605
36 467 4672
28 761 5015
42 168 5266
21 224 5340
35 -4919 5840
16 2423 1189
30 5331 296
34 6389 -515
9 6242 -738
11 5651 -890
6 8139 1021
8 8523 1988
17 9542 1577
27 9635 1503
40 10379 -3450
32 5612 -608
19 6111 -516
29 7805 1138
37 1831 5688
***世代 350 適応度 max -86672.0 (28) mean -106211.5 時間 16:38:28.120489
5 -328 4818
16 2423 1189
35 -4919 5840
21 224 5340
42 168 5266
36 467 4672
28 761 5015
38 1100 3605
4 2068 2079
3 2161 1901
31 1939 1945
2 2252 2169
20 2161 1931
22 2308 2050
18 1420 2284
41 1142 2402
1 2089 1455
12 1687 280
24 2615 -280
0 3446 -9
39 4461 351
26 2093 -3476
13 989 -584
23 -125 4893
25 724 5030
14 334 5519
15 225 4969
7 4944 -180
10 6204 -546
33 5462 -133
30 5331 296
34 6389 -515
9 6242 -738
11 5651 -890
6 8139 1021
8 8523 1988
17 9542 1577
27 9635 1503
40 10379 -3450
32 5612 -608
19 6111 -516
29 7805 1138
37 1831 5688
***世代 400 適応度 max -81714.0 (87) mean -90713.19 時間 16:38:32.765245
5 -328 4818
23 -125 4893
15 225 4969
14 334 5519
33 5462 -133
10 6204 -546
7 4944 -180
26 2093 -3476
13 989 -584
12 1687 280
39 4461 351
0 3446 -9
24 2615 -280
2 2252 2169
22 2308 2050
1 2089 1455
41 1142 2402
18 1420 2284
3 2161 1901
4 2068 2079
31 1939 1945
20 2161 1931
38 1100 3605
36 467 4672
25 724 5030
28 761 5015
42 168 5266
21 224 5340
35 -4919 5840
16 2423 1189
30 5331 296
34 6389 -515
9 6242 -738
6 8139 1021
8 8523 1988
17 9542 1577
27 9635 1503
40 10379 -3450
11 5651 -890
32 5612 -608
19 6111 -516
29 7805 1138
37 1831 5688
***世代 450 適応度 max -79103.0 (76) mean -84980.63 時間 16:38:36.913545
5 -328 4818
23 -125 4893
25 724 5030
14 334 5519
15 225 4969
39 4461 351
10 6204 -546
33 5462 -133
7 4944 -180
26 2093 -3476
13 989 -584
12 1687 280
24 2615 -280
0 3446 -9
1 2089 1455
18 1420 2284
41 1142 2402
20 2161 1931
4 2068 2079
22 2308 2050
3 2161 1901
31 1939 1945
2 2252 2169
38 1100 3605
36 467 4672
28 761 5015
42 168 5266
21 224 5340
35 -4919 5840
16 2423 1189
30 5331 296
34 6389 -515
9 6242 -738
6 8139 1021
8 8523 1988
17 9542 1577
27 9635 1503
40 10379 -3450
11 5651 -890
32 5612 -608
19 6111 -516
29 7805 1138
37 1831 5688
***世代 500 適応度 max -75308.0 (87) mean -76737.03 時間 16:38:41.179676
5 -328 4818
23 -125 4893
15 225 4969
14 334 5519
25 724 5030
39 4461 351
7 4944 -180
33 5462 -133
10 6204 -546
26 2093 -3476
13 989 -584
12 1687 280
24 2615 -280
0 3446 -9
1 2089 1455
3 2161 1901
20 2161 1931
4 2068 2079
2 2252 2169
22 2308 2050
31 1939 1945
18 1420 2284
41 1142 2402
38 1100 3605
36 467 4672
28 761 5015
42 168 5266
21 224 5340
35 -4919 5840
16 2423 1189
30 5331 296
19 6111 -516
32 5612 -608
11 5651 -890
40 10379 -3450
27 9635 1503
17 9542 1577
8 8523 1988
6 8139 1021
9 6242 -738
34 6389 -515
29 7805 1138
37 1831 5688
***世代 550 適応度 max -75124.0 (13) mean -81039.86 時間 16:38:46.539822
5 -328 4818
23 -125 4893
15 225 4969
14 334 5519
25 724 5030
39 4461 351
7 4944 -180
33 5462 -133
10 6204 -546
26 2093 -3476
13 989 -584
12 1687 280
24 2615 -280
0 3446 -9
1 2089 1455
3 2161 1901
20 2161 1931
22 2308 2050
2 2252 2169
4 2068 2079
31 1939 1945
18 1420 2284
41 1142 2402
38 1100 3605
36 467 4672
28 761 5015
42 168 5266
21 224 5340
35 -4919 5840
16 2423 1189
30 5331 296
19 6111 -516
32 5612 -608
11 5651 -890
40 10379 -3450
27 9635 1503
17 9542 1577
8 8523 1988
6 8139 1021
9 6242 -738
34 6389 -515
29 7805 1138
37 1831 5688
***世代 600 適応度 max -74032.0 (63) mean -79730.97 時間 16:38:51.677143
5 -328 4818
23 -125 4893
15 225 4969
14 334 5519
25 724 5030
39 4461 351
7 4944 -180
33 5462 -133
10 6204 -546
26 2093 -3476
13 989 -584
12 1687 280
24 2615 -280
0 3446 -9
1 2089 1455
3 2161 1901
20 2161 1931
2 2252 2169
22 2308 2050
4 2068 2079
31 1939 1945
18 1420 2284
41 1142 2402
38 1100 3605
36 467 4672
28 761 5015
42 168 5266
21 224 5340
35 -4919 5840
16 2423 1189
30 5331 296
19 6111 -516
32 5612 -608
29 7805 1138
6 8139 1021
8 8523 1988
27 9635 1503
17 9542 1577
40 10379 -3450
9 6242 -738
34 6389 -515
11 5651 -890
37 1831 5688
***世代 650 適応度 max -73176.0 (9) mean -79199.5 時間 16:38:57.235385
5 -328 4818
23 -125 4893
15 225 4969
14 334 5519
25 724 5030
39 4461 351
7 4944 -180
33 5462 -133
10 6204 -546
26 2093 -3476
13 989 -584
12 1687 280
24 2615 -280
0 3446 -9
1 2089 1455
3 2161 1901
20 2161 1931
22 2308 2050
2 2252 2169
4 2068 2079
31 1939 1945
18 1420 2284
41 1142 2402
38 1100 3605
36 467 4672
28 761 5015
42 168 5266
21 224 5340
35 -4919 5840
16 2423 1189
30 5331 296
19 6111 -516
32 5612 -608
11 5651 -890
40 10379 -3450
27 9635 1503
17 9542 1577
8 8523 1988
6 8139 1021
29 7805 1138
34 6389 -515
9 6242 -738
37 1831 5688
***世代 700 適応度 max -73176.0 (4) mean -78736.88 時間 16:39:04.456152
5 -328 4818
23 -125 4893
15 225 4969
14 334 5519
25 724 5030
39 4461 351
7 4944 -180
33 5462 -133
10 6204 -546
26 2093 -3476
13 989 -584
12 1687 280
24 2615 -280
0 3446 -9
1 2089 1455
3 2161 1901
20 2161 1931
22 2308 2050
2 2252 2169
4 2068 2079
31 1939 1945
18 1420 2284
41 1142 2402
38 1100 3605
36 467 4672
28 761 5015
42 168 5266
21 224 5340
35 -4919 5840
16 2423 1189
30 5331 296
19 6111 -516
32 5612 -608
11 5651 -890
40 10379 -3450
27 9635 1503
17 9542 1577
8 8523 1988
6 8139 1021
29 7805 1138
34 6389 -515
9 6242 -738
37 1831 5688
***世代 750 適応度 max -73176.0 (4) mean -80779.12 時間 16:39:10.669812
5 -328 4818
23 -125 4893
15 225 4969
14 334 5519
25 724 5030
39 4461 351
7 4944 -180
33 5462 -133
10 6204 -546
26 2093 -3476
13 989 -584
12 1687 280
24 2615 -280
0 3446 -9
1 2089 1455
3 2161 1901
20 2161 1931
22 2308 2050
2 2252 2169
4 2068 2079
31 1939 1945
18 1420 2284
41 1142 2402
38 1100 3605
36 467 4672
28 761 5015
42 168 5266
21 224 5340
35 -4919 5840
16 2423 1189
30 5331 296
19 6111 -516
32 5612 -608
11 5651 -890
40 10379 -3450
27 9635 1503
17 9542 1577
8 8523 1988
6 8139 1021
29 7805 1138
34 6389 -515
9 6242 -738
37 1831 5688
***世代 800 適応度 max -73080.0 (2) mean -76570.66 時間 16:39:15.993444
5 -328 4818
23 -125 4893
15 225 4969
14 334 5519
25 724 5030
39 4461 351
7 4944 -180
33 5462 -133
10 6204 -546
26 2093 -3476
13 989 -584
12 1687 280
24 2615 -280
0 3446 -9
1 2089 1455
3 2161 1901
20 2161 1931
22 2308 2050
2 2252 2169
4 2068 2079
31 1939 1945
18 1420 2284
41 1142 2402
38 1100 3605
36 467 4672
28 761 5015
42 168 5266
21 224 5340
35 -4919 5840
16 2423 1189
30 5331 296
11 5651 -890
32 5612 -608
19 6111 -516
40 10379 -3450
27 9635 1503
17 9542 1577
8 8523 1988
6 8139 1021
29 7805 1138
34 6389 -515
9 6242 -738
37 1831 5688
***世代 850 適応度 max -73080.0 (2) mean -81239.47 時間 16:39:20.976600
5 -328 4818
23 -125 4893
15 225 4969
14 334 5519
25 724 5030
39 4461 351
7 4944 -180
33 5462 -133
10 6204 -546
26 2093 -3476
13 989 -584
12 1687 280
24 2615 -280
0 3446 -9
1 2089 1455
3 2161 1901
20 2161 1931
22 2308 2050
2 2252 2169
4 2068 2079
31 1939 1945
18 1420 2284
41 1142 2402
38 1100 3605
36 467 4672
28 761 5015
42 168 5266
21 224 5340
35 -4919 5840
16 2423 1189
30 5331 296
11 5651 -890
32 5612 -608
19 6111 -516
40 10379 -3450
27 9635 1503
17 9542 1577
8 8523 1988
6 8139 1021
29 7805 1138
34 6389 -515
9 6242 -738
37 1831 5688
***世代 900 適応度 max -71125.0 (26) mean -90539.98 時間 16:39:26.116269
5 -328 4818
23 -125 4893
15 225 4969
14 334 5519
25 724 5030
39 4461 351
7 4944 -180
33 5462 -133
10 6204 -546
26 2093 -3476
13 989 -584
12 1687 280
24 2615 -280
0 3446 -9
9 6242 -738
34 6389 -515
29 7805 1138
6 8139 1021
8 8523 1988
27 9635 1503
17 9542 1577
40 10379 -3450
11 5651 -890
32 5612 -608
19 6111 -516
30 5331 296
16 2423 1189
35 -4919 5840
42 168 5266
21 224 5340
28 761 5015
36 467 4672
38 1100 3605
18 1420 2284
41 1142 2402
31 1939 1945
1 2089 1455
20 2161 1931
4 2068 2079
3 2161 1901
2 2252 2169
22 2308 2050
37 1831 5688
***世代 950 適応度 max -71125.0 (21) mean -82439.59 時間 16:39:31.973382
5 -328 4818
23 -125 4893
15 225 4969
14 334 5519
25 724 5030
39 4461 351
7 4944 -180
33 5462 -133
10 6204 -546
26 2093 -3476
13 989 -584
12 1687 280
24 2615 -280
0 3446 -9
9 6242 -738
34 6389 -515
29 7805 1138
6 8139 1021
8 8523 1988
27 9635 1503
17 9542 1577
40 10379 -3450
11 5651 -890
32 5612 -608
19 6111 -516
30 5331 296
16 2423 1189
35 -4919 5840
42 168 5266
21 224 5340
28 761 5015
36 467 4672
38 1100 3605
18 1420 2284
41 1142 2402
31 1939 1945
1 2089 1455
20 2161 1931
4 2068 2079
3 2161 1901
2 2252 2169
22 2308 2050
37 1831 5688
***世代 1000 適応度 max -71125.0 (21) mean -100319.54 時間 16:39:36.790546
5 -328 4818
23 -125 4893
15 225 4969
14 334 5519
25 724 5030
39 4461 351
7 4944 -180
33 5462 -133
10 6204 -546
26 2093 -3476
13 989 -584
12 1687 280
24 2615 -280
0 3446 -9
9 6242 -738
34 6389 -515
29 7805 1138
6 8139 1021
8 8523 1988
27 9635 1503
17 9542 1577
40 10379 -3450
11 5651 -890
32 5612 -608
19 6111 -516
30 5331 296
16 2423 1189
35 -4919 5840
42 168 5266
21 224 5340
28 761 5015
36 467 4672
38 1100 3605
18 1420 2284
41 1142 2402
31 1939 1945
1 2089 1455
20 2161 1931
4 2068 2079
3 2161 1901
2 2252 2169
22 2308 2050
37 1831 5688
***世代 1050 適応度 max -71125.0 (21) mean -95005.47 時間 16:39:43.330562
5 -328 4818
23 -125 4893
15 225 4969
14 334 5519
25 724 5030
39 4461 351
7 4944 -180
33 5462 -133
10 6204 -546
26 2093 -3476
13 989 -584
12 1687 280
24 2615 -280
0 3446 -9
9 6242 -738
34 6389 -515
29 7805 1138
6 8139 1021
8 8523 1988
27 9635 1503
17 9542 1577
40 10379 -3450
11 5651 -890
32 5612 -608
19 6111 -516
30 5331 296
16 2423 1189
35 -4919 5840
42 168 5266
21 224 5340
28 761 5015
36 467 4672
38 1100 3605
18 1420 2284
41 1142 2402
31 1939 1945
1 2089 1455
20 2161 1931
4 2068 2079
3 2161 1901
2 2252 2169
22 2308 2050
37 1831 5688
***世代 1100 適応度 max -71125.0 (21) mean -114747.11 時間 16:39:50.292039
5 -328 4818
23 -125 4893
15 225 4969
14 334 5519
25 724 5030
39 4461 351
7 4944 -180
33 5462 -133
10 6204 -546
26 2093 -3476
13 989 -584
12 1687 280
24 2615 -280
0 3446 -9
9 6242 -738
34 6389 -515
29 7805 1138
6 8139 1021
8 8523 1988
27 9635 1503
17 9542 1577
40 10379 -3450
11 5651 -890
32 5612 -608
19 6111 -516
30 5331 296
16 2423 1189
35 -4919 5840
42 168 5266
21 224 5340
28 761 5015
36 467 4672
38 1100 3605
18 1420 2284
41 1142 2402
31 1939 1945
1 2089 1455
20 2161 1931
4 2068 2079
3 2161 1901
2 2252 2169
22 2308 2050
37 1831 5688
***世代 1150 適応度 max -71125.0 (21) mean -117215.25 時間 16:39:56.650750
5 -328 4818
23 -125 4893
15 225 4969
14 334 5519
25 724 5030
39 4461 351
7 4944 -180
33 5462 -133
10 6204 -546
26 2093 -3476
13 989 -584
12 1687 280
24 2615 -280
0 3446 -9
9 6242 -738
34 6389 -515
29 7805 1138
6 8139 1021
8 8523 1988
27 9635 1503
17 9542 1577
40 10379 -3450
11 5651 -890
32 5612 -608
19 6111 -516
30 5331 296
16 2423 1189
35 -4919 5840
42 168 5266
21 224 5340
28 761 5015
36 467 4672
38 1100 3605
18 1420 2284
41 1142 2402
31 1939 1945
1 2089 1455
20 2161 1931
4 2068 2079
3 2161 1901
2 2252 2169
22 2308 2050
37 1831 5688
***世代 1200 適応度 max -70352.0 (8) mean -72200.11 時間 16:40:02.217022
5 -328 4818
23 -125 4893
15 225 4969
14 334 5519
25 724 5030
39 4461 351
7 4944 -180
33 5462 -133
10 6204 -546
26 2093 -3476
13 989 -584
12 1687 280
24 2615 -280
0 3446 -9
9 6242 -738
34 6389 -515
29 7805 1138
6 8139 1021
8 8523 1988
27 9635 1503
17 9542 1577
40 10379 -3450
19 6111 -516
32 5612 -608
11 5651 -890
30 5331 296
16 2423 1189
35 -4919 5840
42 168 5266
21 224 5340
28 761 5015
36 467 4672
38 1100 3605
41 1142 2402
18 1420 2284
31 1939 1945
1 2089 1455
20 2161 1931
3 2161 1901
4 2068 2079
2 2252 2169
22 2308 2050
37 1831 5688
***世代 1250 適応度 max -69741.0 (17) mean -72974.89 時間 16:40:08.188166
5 -328 4818
23 -125 4893
15 225 4969
14 334 5519
25 724 5030
39 4461 351
7 4944 -180
33 5462 -133
32 5612 -608
26 2093 -3476
13 989 -584
12 1687 280
24 2615 -280
0 3446 -9
9 6242 -738
34 6389 -515
29 7805 1138
6 8139 1021
8 8523 1988
27 9635 1503
17 9542 1577
40 10379 -3450
11 5651 -890
19 6111 -516
10 6204 -546
30 5331 296
16 2423 1189
35 -4919 5840
42 168 5266
21 224 5340
28 761 5015
36 467 4672
38 1100 3605
41 1142 2402
18 1420 2284
31 1939 1945
1 2089 1455
3 2161 1901
4 2068 2079
20 2161 1931
2 2252 2169
22 2308 2050
37 1831 5688
***世代 1300 適応度 max -68629.0 (18) mean -75510.96 時間 16:40:13.031257
5 -328 4818
23 -125 4893
15 225 4969
14 334 5519
25 724 5030
39 4461 351
7 4944 -180
33 5462 -133
32 5612 -608
26 2093 -3476
13 989 -584
12 1687 280
24 2615 -280
0 3446 -9
9 6242 -738
34 6389 -515
29 7805 1138
6 8139 1021
8 8523 1988
17 9542 1577
27 9635 1503
40 10379 -3450
11 5651 -890
19 6111 -516
10 6204 -546
30 5331 296
16 2423 1189
37 1831 5688
42 168 5266
21 224 5340
28 761 5015
36 467 4672
38 1100 3605
41 1142 2402
18 1420 2284
31 1939 1945
1 2089 1455
3 2161 1901
20 2161 1931
4 2068 2079
2 2252 2169
22 2308 2050
35 -4919 5840
***世代 1350 適応度 max -68361.0 (34) mean -79947.53 時間 16:40:18.106445
5 -328 4818
23 -125 4893
15 225 4969
14 334 5519
25 724 5030
39 4461 351
7 4944 -180
33 5462 -133
32 5612 -608
26 2093 -3476
13 989 -584
12 1687 280
24 2615 -280
0 3446 -9
9 6242 -738
34 6389 -515
29 7805 1138
6 8139 1021
8 8523 1988
17 9542 1577
27 9635 1503
40 10379 -3450
11 5651 -890
10 6204 -546
19 6111 -516
30 5331 296
16 2423 1189
37 1831 5688
28 761 5015
21 224 5340
42 168 5266
36 467 4672
38 1100 3605
41 1142 2402
18 1420 2284
31 1939 1945
1 2089 1455
3 2161 1901
20 2161 1931
4 2068 2079
2 2252 2169
22 2308 2050
35 -4919 5840
***世代 1400 適応度 max -68297.0 (2) mean -75959.71 時間 16:40:23.433943
5 -328 4818
23 -125 4893
15 225 4969
14 334 5519
25 724 5030
39 4461 351
7 4944 -180
33 5462 -133
26 2093 -3476
13 989 -584
12 1687 280
24 2615 -280
0 3446 -9
9 6242 -738
34 6389 -515
29 7805 1138
6 8139 1021
8 8523 1988
17 9542 1577
27 9635 1503
40 10379 -3450
11 5651 -890
32 5612 -608
19 6111 -516
10 6204 -546
30 5331 296
16 2423 1189
37 1831 5688
28 761 5015
21 224 5340
42 168 5266
36 467 4672
38 1100 3605
41 1142 2402
18 1420 2284
31 1939 1945
1 2089 1455
3 2161 1901
20 2161 1931
4 2068 2079
2 2252 2169
22 2308 2050
35 -4919 5840
***世代 1450 適応度 max -68297.0 (2) mean -73941.6 時間 16:40:28.057146
5 -328 4818
23 -125 4893
15 225 4969
14 334 5519
25 724 5030
39 4461 351
7 4944 -180
33 5462 -133
26 2093 -3476
13 989 -584
12 1687 280
24 2615 -280
0 3446 -9
9 6242 -738
34 6389 -515
29 7805 1138
6 8139 1021
8 8523 1988
17 9542 1577
27 9635 1503
40 10379 -3450
11 5651 -890
32 5612 -608
19 6111 -516
10 6204 -546
30 5331 296
16 2423 1189
37 1831 5688
28 761 5015
21 224 5340
42 168 5266
36 467 4672
38 1100 3605
41 1142 2402
18 1420 2284
31 1939 1945
1 2089 1455
3 2161 1901
20 2161 1931
4 2068 2079
2 2252 2169
22 2308 2050
35 -4919 5840
***世代 1500 適応度 max -67887.0 (5) mean -70631.41 時間 16:40:34.835903
5 -328 4818
23 -125 4893
21 224 5340
14 334 5519
25 724 5030
39 4461 351
7 4944 -180
33 5462 -133
26 2093 -3476
13 989 -584
12 1687 280
24 2615 -280
0 3446 -9
9 6242 -738
34 6389 -515
29 7805 1138
6 8139 1021
8 8523 1988
17 9542 1577
27 9635 1503
40 10379 -3450
11 5651 -890
32 5612 -608
19 6111 -516
10 6204 -546
30 5331 296
16 2423 1189
37 1831 5688
28 761 5015
42 168 5266
15 225 4969
36 467 4672
38 1100 3605
41 1142 2402
18 1420 2284
31 1939 1945
1 2089 1455
3 2161 1901
20 2161 1931
22 2308 2050
2 2252 2169
4 2068 2079
35 -4919 5840
***世代 1550 適応度 max -67243.0 (25) mean -75432.27 時間 16:40:40.218319
5 -328 4818
23 -125 4893
21 224 5340
14 334 5519
25 724 5030
39 4461 351
7 4944 -180
33 5462 -133
0 3446 -9
24 2615 -280
12 1687 280
13 989 -584
26 2093 -3476
9 6242 -738
34 6389 -515
29 7805 1138
6 8139 1021
8 8523 1988
17 9542 1577
27 9635 1503
40 10379 -3450
11 5651 -890
32 5612 -608
19 6111 -516
10 6204 -546
30 5331 296
16 2423 1189
37 1831 5688
28 761 5015
42 168 5266
15 225 4969
36 467 4672
38 1100 3605
41 1142 2402
18 1420 2284
31 1939 1945
1 2089 1455
3 2161 1901
20 2161 1931
22 2308 2050
2 2252 2169
4 2068 2079
35 -4919 5840
***世代 1600 適応度 max -66772.0 (46) mean -69836.85 時間 16:40:46.183962
5 -328 4818
23 -125 4893
21 224 5340
14 334 5519
25 724 5030
39 4461 351
7 4944 -180
33 5462 -133
0 3446 -9
24 2615 -280
12 1687 280
13 989 -584
26 2093 -3476
9 6242 -738
34 6389 -515
29 7805 1138
6 8139 1021
8 8523 1988
17 9542 1577
27 9635 1503
40 10379 -3450
10 6204 -546
19 6111 -516
11 5651 -890
32 5612 -608
30 5331 296
16 2423 1189
37 1831 5688
28 761 5015
42 168 5266
15 225 4969
36 467 4672
38 1100 3605
41 1142 2402
18 1420 2284
31 1939 1945
1 2089 1455
3 2161 1901
20 2161 1931
22 2308 2050
2 2252 2169
4 2068 2079
35 -4919 5840
***世代 1650 適応度 max -66746.0 (26) mean -75881.99 時間 16:40:50.583786
5 -328 4818
23 -125 4893
21 224 5340
14 334 5519
25 724 5030
41 1142 2402
38 1100 3605
36 467 4672
15 225 4969
42 168 5266
28 761 5015
37 1831 5688
16 2423 1189
30 5331 296
32 5612 -608
11 5651 -890
19 6111 -516
10 6204 -546
40 10379 -3450
27 9635 1503
17 9542 1577
8 8523 1988
6 8139 1021
29 7805 1138
34 6389 -515
9 6242 -738
26 2093 -3476
13 989 -584
12 1687 280
24 2615 -280
0 3446 -9
33 5462 -133
7 4944 -180
39 4461 351
18 1420 2284
31 1939 1945
1 2089 1455
3 2161 1901
20 2161 1931
22 2308 2050
2 2252 2169
4 2068 2079
35 -4919 5840
***世代 1700 適応度 max -66746.0 (26) mean -90361.38 時間 16:40:54.523254
5 -328 4818
23 -125 4893
21 224 5340
14 334 5519
25 724 5030
41 1142 2402
38 1100 3605
36 467 4672
15 225 4969
42 168 5266
28 761 5015
37 1831 5688
16 2423 1189
30 5331 296
32 5612 -608
11 5651 -890
19 6111 -516
10 6204 -546
40 10379 -3450
27 9635 1503
17 9542 1577
8 8523 1988
6 8139 1021
29 7805 1138
34 6389 -515
9 6242 -738
26 2093 -3476
13 989 -584
12 1687 280
24 2615 -280
0 3446 -9
33 5462 -133
7 4944 -180
39 4461 351
18 1420 2284
31 1939 1945
1 2089 1455
3 2161 1901
20 2161 1931
22 2308 2050
2 2252 2169
4 2068 2079
35 -4919 5840
***世代 1750 適応度 max -66746.0 (26) mean -99817.98 時間 16:40:58.801794
5 -328 4818
23 -125 4893
21 224 5340
14 334 5519
25 724 5030
41 1142 2402
38 1100 3605
36 467 4672
15 225 4969
42 168 5266
28 761 5015
37 1831 5688
16 2423 1189
30 5331 296
32 5612 -608
11 5651 -890
19 6111 -516
10 6204 -546
40 10379 -3450
27 9635 1503
17 9542 1577
8 8523 1988
6 8139 1021
29 7805 1138
34 6389 -515
9 6242 -738
26 2093 -3476
13 989 -584
12 1687 280
24 2615 -280
0 3446 -9
33 5462 -133
7 4944 -180
39 4461 351
18 1420 2284
31 1939 1945
1 2089 1455
3 2161 1901
20 2161 1931
22 2308 2050
2 2252 2169
4 2068 2079
35 -4919 5840
***世代 1800 適応度 max -66746.0 (26) mean -90331.69 時間 16:41:02.798113
5 -328 4818
23 -125 4893
21 224 5340
14 334 5519
25 724 5030
41 1142 2402
38 1100 3605
36 467 4672
15 225 4969
42 168 5266
28 761 5015
37 1831 5688
16 2423 1189
30 5331 296
32 5612 -608
11 5651 -890
19 6111 -516
10 6204 -546
40 10379 -3450
27 9635 1503
17 9542 1577
8 8523 1988
6 8139 1021
29 7805 1138
34 6389 -515
9 6242 -738
26 2093 -3476
13 989 -584
12 1687 280
24 2615 -280
0 3446 -9
33 5462 -133
7 4944 -180
39 4461 351
18 1420 2284
31 1939 1945
1 2089 1455
3 2161 1901
20 2161 1931
22 2308 2050
2 2252 2169
4 2068 2079
35 -4919 5840
***世代 1850 適応度 max -66654.0 (58) mean -78652.54 時間 16:41:07.091763
5 -328 4818
23 -125 4893
21 224 5340
14 334 5519
25 724 5030
39 4461 351
33 5462 -133
7 4944 -180
0 3446 -9
24 2615 -280
12 1687 280
13 989 -584
26 2093 -3476
9 6242 -738
34 6389 -515
29 7805 1138
6 8139 1021
8 8523 1988
17 9542 1577
27 9635 1503
40 10379 -3450
10 6204 -546
19 6111 -516
11 5651 -890
32 5612 -608
30 5331 296
16 2423 1189
37 1831 5688
28 761 5015
42 168 5266
15 225 4969
36 467 4672
38 1100 3605
41 1142 2402
18 1420 2284
31 1939 1945
1 2089 1455
3 2161 1901
20 2161 1931
22 2308 2050
2 2252 2169
4 2068 2079
35 -4919 5840
***世代 1900 適応度 max -66654.0 (7) mean -75420.72 時間 16:41:13.378928
5 -328 4818
23 -125 4893
21 224 5340
14 334 5519
25 724 5030
39 4461 351
33 5462 -133
7 4944 -180
0 3446 -9
24 2615 -280
12 1687 280
13 989 -584
26 2093 -3476
9 6242 -738
34 6389 -515
29 7805 1138
6 8139 1021
8 8523 1988
17 9542 1577
27 9635 1503
40 10379 -3450
10 6204 -546
19 6111 -516
11 5651 -890
32 5612 -608
30 5331 296
16 2423 1189
37 1831 5688
28 761 5015
42 168 5266
15 225 4969
36 467 4672
38 1100 3605
41 1142 2402
18 1420 2284
31 1939 1945
1 2089 1455
3 2161 1901
20 2161 1931
22 2308 2050
2 2252 2169
4 2068 2079
35 -4919 5840
***世代 1950 適応度 max -64525.0 (73) mean -71605.6 時間 16:41:17.472823
5 -328 4818
23 -125 4893
21 224 5340
14 334 5519
25 724 5030
26 2093 -3476
13 989 -584
12 1687 280
24 2615 -280
0 3446 -9
39 4461 351
7 4944 -180
33 5462 -133
9 6242 -738
29 7805 1138
6 8139 1021
8 8523 1988
17 9542 1577
27 9635 1503
40 10379 -3450
34 6389 -515
10 6204 -546
19 6111 -516
11 5651 -890
32 5612 -608
30 5331 296
16 2423 1189
37 1831 5688
28 761 5015
42 168 5266
15 225 4969
36 467 4672
38 1100 3605
41 1142 2402
18 1420 2284
31 1939 1945
1 2089 1455
3 2161 1901
20 2161 1931
22 2308 2050
2 2252 2169
4 2068 2079
35 -4919 5840
***世代 2000 適応度 max -62058.0 (48) mean -68295.04 時間 16:41:20.937289
5 -328 4818
23 -125 4893
21 224 5340
14 334 5519
25 724 5030
12 1687 280
26 2093 -3476
13 989 -584
24 2615 -280
0 3446 -9
7 4944 -180
39 4461 351
33 5462 -133
9 6242 -738
34 6389 -515
29 7805 1138
8 8523 1988
6 8139 1021
17 9542 1577
27 9635 1503
40 10379 -3450
10 6204 -546
19 6111 -516
11 5651 -890
32 5612 -608
30 5331 296
16 2423 1189
4 2068 2079
2 2252 2169
22 2308 2050
20 2161 1931
3 2161 1901
1 2089 1455
31 1939 1945
18 1420 2284
41 1142 2402
38 1100 3605
36 467 4672
15 225 4969
28 761 5015
42 168 5266
37 1831 5688
35 -4919 5840
***世代 1999 適応度 max -62058.0 (48) mean -68295.04 時間 16:41:21.213949
5 -328 4818
23 -125 4893
21 224 5340
14 334 5519
25 724 5030
12 1687 280
26 2093 -3476
13 989 -584
24 2615 -280
0 3446 -9
7 4944 -180
39 4461 351
33 5462 -133
9 6242 -738
34 6389 -515
29 7805 1138
8 8523 1988
6 8139 1021
17 9542 1577
27 9635 1503
40 10379 -3450
10 6204 -546
19 6111 -516
11 5651 -890
32 5612 -608
30 5331 296
16 2423 1189
4 2068 2079
2 2252 2169
22 2308 2050
20 2161 1931
3 2161 1901
1 2089 1455
31 1939 1945
18 1420 2284
41 1142 2402
38 1100 3605
36 467 4672
15 225 4969
28 761 5015
42 168 5266
37 1831 5688
35 -4919 5840
