***世代 1 適応度 max -223967.0 (8) mean -256752.3 時間 16:44:11.554601
10 2390 312
17 2294 1099
50 4053 632
59 697 2563
47 2443 907
20 3038 107
0 13445 5911
29 7125 185
2 5796 -295
43 5907 -413
57 3795 408
11 1063 3516
19 1519 606
55 4444 69
46 4407 84
45 5630 -340
58 2442 1041
15 3446 -38
56 2793 1280
27 1215 2462
49 1919 2405
30 3242 -54
3 -34 5339
48 -5151 3684
39 5926 -502
14 2053 1173
32 1230 3412
5 3981 245
41 5945 -606
28 3445 35
51 5889 -428
24 392 4939
53 1513 2166
33 2214 2495
26 -3177 570
21 -4825 5558
23 565 7986
1 4219 647
38 5908 -651
31 1110 5641
13 2068 2079
22 6036 -324
18 583 8209
12 -3069 1239
9 6389 -545
52 7512 484
40 1917 2702
60 2108 1351
6 4628 248
7 4221 202
42 706 4926
36 997 1747
37 5314 -149
8 1883 2048
35 3482 198
44 4648 -63
54 4480 352
25 2856 -427
4 5519 -356
34 5850 -102
16 2556 432
***世代 50 適応度 max -171305.0 (93) mean -199346.96 時間 16:44:15.920657
23 565 7986
21 -4825 5558
11 1063 3516
17 2294 1099
40 1917 2702
32 1230 3412
12 -3069 1239
48 -5151 3684
59 697 2563
20 3038 107
24 392 4939
8 1883 2048
33 2214 2495
27 1215 2462
16 2556 432
14 2053 1173
28 3445 35
49 1919 2405
34 5850 -102
7 4221 202
1 4219 647
52 7512 484
31 1110 5641
18 583 8209
3 -34 5339
35 3482 198
46 4407 84
60 2108 1351
56 2793 1280
26 -3177 570
47 2443 907
41 5945 -606
51 5889 -428
2 5796 -295
55 4444 69
45 5630 -340
39 5926 -502
25 2856 -427
57 3795 408
15 3446 -38
50 4053 632
58 2442 1041
38 5908 -651
9 6389 -545
29 7125 185
5 3981 245
22 6036 -324
0 13445 5911
6 4628 248
37 5314 -149
4 5519 -356
30 3242 -54
54 4480 352
36 997 1747
53 1513 2166
19 1519 606
43 5907 -413
44 4648 -63
10 2390 312
13 2068 2079
42 706 4926
***世代 100 適応度 max -132480.0 (12) mean -151132.38 時間 16:44:20.814246
23 565 7986
11 1063 3516
32 1230 3412
59 697 2563
12 -3069 1239
48 -5151 3684
21 -4825 5558
24 392 4939
40 1917 2702
27 1215 2462
33 2214 2495
20 3038 107
26 -3177 570
49 1919 2405
8 1883 2048
16 2556 432
34 5850 -102
52 7512 484
7 4221 202
35 3482 198
1 4219 647
3 -34 5339
18 583 8209
31 1110 5641
46 4407 84
28 3445 35
56 2793 1280
60 2108 1351
19 1519 606
17 2294 1099
47 2443 907
41 5945 -606
22 6036 -324
2 5796 -295
43 5907 -413
51 5889 -428
45 5630 -340
55 4444 69
25 2856 -427
15 3446 -38
30 3242 -54
58 2442 1041
57 3795 408
50 4053 632
0 13445 5911
38 5908 -651
9 6389 -545
39 5926 -502
4 5519 -356
5 3981 245
44 4648 -63
29 7125 185
6 4628 248
37 5314 -149
54 4480 352
53 1513 2166
36 997 1747
13 2068 2079
10 2390 312
14 2053 1173
42 706 4926
***世代 150 適応度 max -122599.0 (92) mean -129350.13 時間 16:44:26.051483
23 565 7986
11 1063 3516
32 1230 3412
59 697 2563
12 -3069 1239
48 -5151 3684
21 -4825 5558
26 -3177 570
24 392 4939
27 1215 2462
49 1919 2405
40 1917 2702
33 2214 2495
8 1883 2048
20 3038 107
16 2556 432
28 3445 35
34 5850 -102
52 7512 484
7 4221 202
35 3482 198
1 4219 647
3 -34 5339
18 583 8209
31 1110 5641
46 4407 84
56 2793 1280
60 2108 1351
19 1519 606
17 2294 1099
47 2443 907
41 5945 -606
22 6036 -324
43 5907 -413
51 5889 -428
2 5796 -295
45 5630 -340
55 4444 69
15 3446 -38
30 3242 -54
25 2856 -427
58 2442 1041
57 3795 408
50 4053 632
0 13445 5911
38 5908 -651
9 6389 -545
39 5926 -502
4 5519 -356
5 3981 245
37 5314 -149
29 7125 185
6 4628 248
44 4648 -63
54 4480 352
53 1513 2166
36 997 1747
13 2068 2079
10 2390 312
14 2053 1173
42 706 4926
***世代 200 適応度 max -117747.0 (70) mean -122575.17 時間 16:44:32.920255
23 565 7986
11 1063 3516
32 1230 3412
59 697 2563
12 -3069 1239
48 -5151 3684
21 -4825 5558
26 -3177 570
24 392 4939
27 1215 2462
40 1917 2702
33 2214 2495
49 1919 2405
8 1883 2048
20 3038 107
16 2556 432
28 3445 35
34 5850 -102
52 7512 484
7 4221 202
35 3482 198
1 4219 647
31 1110 5641
18 583 8209
3 -34 5339
60 2108 1351
17 2294 1099
19 1519 606
56 2793 1280
47 2443 907
0 13445 5911
50 4053 632
58 2442 1041
25 2856 -427
30 3242 -54
57 3795 408
15 3446 -38
46 4407 84
55 4444 69
45 5630 -340
2 5796 -295
51 5889 -428
22 6036 -324
43 5907 -413
41 5945 -606
38 5908 -651
9 6389 -545
39 5926 -502
4 5519 -356
5 3981 245
37 5314 -149
29 7125 185
6 4628 248
44 4648 -63
54 4480 352
53 1513 2166
36 997 1747
13 2068 2079
10 2390 312
14 2053 1173
42 706 4926
***世代 250 適応度 max -114099.0 (37) mean -127616.22 時間 16:44:39.624607
23 565 7986
11 1063 3516
32 1230 3412
59 697 2563
12 -3069 1239
48 -5151 3684
21 -4825 5558
26 -3177 570
24 392 4939
27 1215 2462
40 1917 2702
33 2214 2495
49 1919 2405
8 1883 2048
20 3038 107
16 2556 432
28 3445 35
34 5850 -102
52 7512 484
7 4221 202
35 3482 198
1 4219 647
31 1110 5641
18 583 8209
3 -34 5339
60 2108 1351
17 2294 1099
19 1519 606
56 2793 1280
47 2443 907
58 2442 1041
50 4053 632
15 3446 -38
25 2856 -427
30 3242 -54
57 3795 408
46 4407 84
55 4444 69
43 5907 -413
45 5630 -340
2 5796 -295
51 5889 -428
22 6036 -324
0 13445 5911
41 5945 -606
38 5908 -651
9 6389 -545
39 5926 -502
4 5519 -356
5 3981 245
37 5314 -149
29 7125 185
6 4628 248
44 4648 -63
54 4480 352
53 1513 2166
36 997 1747
13 2068 2079
10 2390 312
14 2053 1173
42 706 4926
***世代 300 適応度 max -109488.0 (92) mean -121648.2 時間 16:44:46.706447
23 565 7986
18 583 8209
31 1110 5641
1 4219 647
35 3482 198
7 4221 202
52 7512 484
34 5850 -102
28 3445 35
16 2556 432
20 3038 107
8 1883 2048
49 1919 2405
33 2214 2495
40 1917 2702
27 1215 2462
24 392 4939
26 -3177 570
21 -4825 5558
48 -5151 3684
12 -3069 1239
59 697 2563
32 1230 3412
11 1063 3516
3 -34 5339
60 2108 1351
17 2294 1099
19 1519 606
56 2793 1280
47 2443 907
58 2442 1041
25 2856 -427
50 4053 632
15 3446 -38
30 3242 -54
57 3795 408
46 4407 84
55 4444 69
45 5630 -340
2 5796 -295
22 6036 -324
43 5907 -413
41 5945 -606
51 5889 -428
0 13445 5911
38 5908 -651
9 6389 -545
39 5926 -502
4 5519 -356
5 3981 245
37 5314 -149
29 7125 185
6 4628 248
44 4648 -63
54 4480 352
53 1513 2166
36 997 1747
13 2068 2079
10 2390 312
14 2053 1173
42 706 4926
***世代 350 適応度 max -102697.0 (86) mean -105851.42 時間 16:44:52.957273
23 565 7986
18 583 8209
31 1110 5641
59 697 2563
12 -3069 1239
48 -5151 3684
21 -4825 5558
26 -3177 570
24 392 4939
27 1215 2462
40 1917 2702
33 2214 2495
49 1919 2405
8 1883 2048
20 3038 107
16 2556 432
28 3445 35
34 5850 -102
52 7512 484
7 4221 202
1 4219 647
35 3482 198
32 1230 3412
11 1063 3516
3 -34 5339
60 2108 1351
19 1519 606
17 2294 1099
56 2793 1280
47 2443 907
58 2442 1041
25 2856 -427
15 3446 -38
30 3242 -54
57 3795 408
50 4053 632
46 4407 84
55 4444 69
5 3981 245
45 5630 -340
2 5796 -295
51 5889 -428
43 5907 -413
22 6036 -324
39 5926 -502
41 5945 -606
9 6389 -545
38 5908 -651
4 5519 -356
37 5314 -149
0 13445 5911
29 7125 185
6 4628 248
44 4648 -63
54 4480 352
53 1513 2166
36 997 1747
13 2068 2079
10 2390 312
14 2053 1173
42 706 4926
***世代 400 適応度 max -102267.0 (0) mean -103323.0 時間 16:45:00.907398
23 565 7986
18 583 8209
31 1110 5641
59 697 2563
12 -3069 1239
48 -5151 3684
21 -4825 5558
26 -3177 570
24 392 4939
27 1215 2462
40 1917 2702
33 2214 2495
49 1919 2405
8 1883 2048
20 3038 107
16 2556 432
28 3445 35
34 5850 -102
52 7512 484
7 4221 202
1 4219 647
35 3482 198
32 1230 3412
11 1063 3516
3 -34 5339
60 2108 1351
19 1519 606
17 2294 1099
47 2443 907
58 2442 1041
56 2793 1280
25 2856 -427
15 3446 -38
30 3242 -54
57 3795 408
50 4053 632
46 4407 84
55 4444 69
5 3981 245
45 5630 -340
2 5796 -295
51 5889 -428
43 5907 -413
22 6036 -324
9 6389 -545
38 5908 -651
41 5945 -606
39 5926 -502
4 5519 -356
37 5314 -149
0 13445 5911
29 7125 185
6 4628 248
44 4648 -63
54 4480 352
53 1513 2166
36 997 1747
13 2068 2079
10 2390 312
14 2053 1173
42 706 4926
***世代 450 適応度 max -98324.0 (67) mean -102600.98 時間 16:45:08.889387
23 565 7986
18 583 8209
31 1110 5641
59 697 2563
14 2053 1173
10 2390 312
13 2068 2079
36 997 1747
53 1513 2166
54 4480 352
44 4648 -63
6 4628 248
29 7125 185
0 13445 5911
45 5630 -340
41 5945 -606
4 5519 -356
38 5908 -651
51 5889 -428
39 5926 -502
22 6036 -324
43 5907 -413
9 6389 -545
2 5796 -295
37 5314 -149
5 3981 245
55 4444 69
46 4407 84
50 4053 632
57 3795 408
30 3242 -54
15 3446 -38
25 2856 -427
58 2442 1041
47 2443 907
56 2793 1280
17 2294 1099
19 1519 606
60 2108 1351
3 -34 5339
11 1063 3516
32 1230 3412
35 3482 198
1 4219 647
7 4221 202
52 7512 484
34 5850 -102
28 3445 35
16 2556 432
20 3038 107
8 1883 2048
49 1919 2405
33 2214 2495
40 1917 2702
27 1215 2462
24 392 4939
26 -3177 570
12 -3069 1239
48 -5151 3684
21 -4825 5558
42 706 4926
***世代 500 適応度 max -98324.0 (67) mean -118538.18 時間 16:45:15.077024
23 565 7986
18 583 8209
31 1110 5641
59 697 2563
14 2053 1173
10 2390 312
13 2068 2079
36 997 1747
53 1513 2166
54 4480 352
44 4648 -63
6 4628 248
29 7125 185
0 13445 5911
45 5630 -340
41 5945 -606
4 5519 -356
38 5908 -651
51 5889 -428
39 5926 -502
22 6036 -324
43 5907 -413
9 6389 -545
2 5796 -295
37 5314 -149
5 3981 245
55 4444 69
46 4407 84
50 4053 632
57 3795 408
30 3242 -54
15 3446 -38
25 2856 -427
58 2442 1041
47 2443 907
56 2793 1280
17 2294 1099
19 1519 606
60 2108 1351
3 -34 5339
11 1063 3516
32 1230 3412
35 3482 198
1 4219 647
7 4221 202
52 7512 484
34 5850 -102
28 3445 35
16 2556 432
20 3038 107
8 1883 2048
49 1919 2405
33 2214 2495
40 1917 2702
27 1215 2462
24 392 4939
26 -3177 570
12 -3069 1239
48 -5151 3684
21 -4825 5558
42 706 4926
***世代 550 適応度 max -98324.0 (67) mean -115734.0 時間 16:45:21.475797
23 565 7986
18 583 8209
31 1110 5641
59 697 2563
14 2053 1173
10 2390 312
13 2068 2079
36 997 1747
53 1513 2166
54 4480 352
44 4648 -63
6 4628 248
29 7125 185
0 13445 5911
45 5630 -340
41 5945 -606
4 5519 -356
38 5908 -651
51 5889 -428
39 5926 -502
22 6036 -324
43 5907 -413
9 6389 -545
2 5796 -295
37 5314 -149
5 3981 245
55 4444 69
46 4407 84
50 4053 632
57 3795 408
30 3242 -54
15 3446 -38
25 2856 -427
58 2442 1041
47 2443 907
56 2793 1280
17 2294 1099
19 1519 606
60 2108 1351
3 -34 5339
11 1063 3516
32 1230 3412
35 3482 198
1 4219 647
7 4221 202
52 7512 484
34 5850 -102
28 3445 35
16 2556 432
20 3038 107
8 1883 2048
49 1919 2405
33 2214 2495
40 1917 2702
27 1215 2462
24 392 4939
26 -3177 570
12 -3069 1239
48 -5151 3684
21 -4825 5558
42 706 4926
***世代 600 適応度 max -98324.0 (67) mean -115839.52 時間 16:45:27.710567
23 565 7986
18 583 8209
31 1110 5641
59 697 2563
14 2053 1173
10 2390 312
13 2068 2079
36 997 1747
53 1513 2166
54 4480 352
44 4648 -63
6 4628 248
29 7125 185
0 13445 5911
45 5630 -340
41 5945 -606
4 5519 -356
38 5908 -651
51 5889 -428
39 5926 -502
22 6036 -324
43 5907 -413
9 6389 -545
2 5796 -295
37 5314 -149
5 3981 245
55 4444 69
46 4407 84
50 4053 632
57 3795 408
30 3242 -54
15 3446 -38
25 2856 -427
58 2442 1041
47 2443 907
56 2793 1280
17 2294 1099
19 1519 606
60 2108 1351
3 -34 5339
11 1063 3516
32 1230 3412
35 3482 198
1 4219 647
7 4221 202
52 7512 484
34 5850 -102
28 3445 35
16 2556 432
20 3038 107
8 1883 2048
49 1919 2405
33 2214 2495
40 1917 2702
27 1215 2462
24 392 4939
26 -3177 570
12 -3069 1239
48 -5151 3684
21 -4825 5558
42 706 4926
***世代 650 適応度 max -97339.0 (41) mean -98704.28 時間 16:45:35.174457
23 565 7986
18 583 8209
31 1110 5641
59 697 2563
21 -4825 5558
48 -5151 3684
12 -3069 1239
26 -3177 570
24 392 4939
27 1215 2462
40 1917 2702
33 2214 2495
49 1919 2405
8 1883 2048
20 3038 107
16 2556 432
25 2856 -427
35 3482 198
34 5850 -102
52 7512 484
1 4219 647
32 1230 3412
11 1063 3516
3 -34 5339
19 1519 606
60 2108 1351
17 2294 1099
47 2443 907
58 2442 1041
56 2793 1280
50 4053 632
57 3795 408
28 3445 35
30 3242 -54
15 3446 -38
5 3981 245
7 4221 202
46 4407 84
55 4444 69
37 5314 -149
51 5889 -428
39 5926 -502
43 5907 -413
22 6036 -324
9 6389 -545
38 5908 -651
41 5945 -606
2 5796 -295
4 5519 -356
45 5630 -340
29 7125 185
0 13445 5911
6 4628 248
44 4648 -63
54 4480 352
53 1513 2166
36 997 1747
13 2068 2079
10 2390 312
14 2053 1173
42 706 4926
***世代 700 適応度 max -93987.0 (65) mean -98511.88 時間 16:45:41.786767
23 565 7986
18 583 8209
31 1110 5641
59 697 2563
26 -3177 570
12 -3069 1239
48 -5151 3684
21 -4825 5558
24 392 4939
27 1215 2462
40 1917 2702
33 2214 2495
49 1919 2405
8 1883 2048
20 3038 107
16 2556 432
25 2856 -427
35 3482 198
52 7512 484
34 5850 -102
1 4219 647
32 1230 3412
11 1063 3516
3 -34 5339
53 1513 2166
60 2108 1351
17 2294 1099
47 2443 907
58 2442 1041
56 2793 1280
50 4053 632
57 3795 408
28 3445 35
30 3242 -54
15 3446 -38
5 3981 245
7 4221 202
46 4407 84
55 4444 69
37 5314 -149
2 5796 -295
22 6036 -324
51 5889 -428
9 6389 -545
43 5907 -413
39 5926 -502
41 5945 -606
38 5908 -651
4 5519 -356
45 5630 -340
29 7125 185
0 13445 5911
6 4628 248
44 4648 -63
54 4480 352
19 1519 606
36 997 1747
13 2068 2079
10 2390 312
14 2053 1173
42 706 4926
***世代 750 適応度 max -92592.0 (17) mean -104408.91 時間 16:45:48.898520
23 565 7986
18 583 8209
31 1110 5641
59 697 2563
26 -3177 570
12 -3069 1239
48 -5151 3684
21 -4825 5558
24 392 4939
27 1215 2462
40 1917 2702
33 2214 2495
49 1919 2405
8 1883 2048
54 4480 352
44 4648 -63
6 4628 248
35 3482 198
34 5850 -102
45 5630 -340
4 5519 -356
38 5908 -651
41 5945 -606
39 5926 -502
9 6389 -545
22 6036 -324
43 5907 -413
51 5889 -428
2 5796 -295
37 5314 -149
55 4444 69
46 4407 84
7 4221 202
5 3981 245
15 3446 -38
30 3242 -54
28 3445 35
57 3795 408
50 4053 632
56 2793 1280
58 2442 1041
47 2443 907
17 2294 1099
60 2108 1351
53 1513 2166
3 -34 5339
11 1063 3516
32 1230 3412
1 4219 647
52 7512 484
29 7125 185
0 13445 5911
25 2856 -427
16 2556 432
20 3038 107
19 1519 606
36 997 1747
13 2068 2079
10 2390 312
14 2053 1173
42 706 4926
***世代 800 適応度 max -92592.0 (1) mean -115288.78 時間 16:45:55.095918
23 565 7986
18 583 8209
31 1110 5641
59 697 2563
26 -3177 570
12 -3069 1239
48 -5151 3684
21 -4825 5558
24 392 4939
27 1215 2462
40 1917 2702
33 2214 2495
49 1919 2405
8 1883 2048
54 4480 352
44 4648 -63
6 4628 248
35 3482 198
34 5850 -102
45 5630 -340
4 5519 -356
38 5908 -651
41 5945 -606
39 5926 -502
9 6389 -545
22 6036 -324
43 5907 -413
51 5889 -428
2 5796 -295
37 5314 -149
55 4444 69
46 4407 84
7 4221 202
5 3981 245
15 3446 -38
30 3242 -54
28 3445 35
57 3795 408
50 4053 632
56 2793 1280
58 2442 1041
47 2443 907
17 2294 1099
60 2108 1351
53 1513 2166
3 -34 5339
11 1063 3516
32 1230 3412
1 4219 647
52 7512 484
29 7125 185
0 13445 5911
25 2856 -427
16 2556 432
20 3038 107
19 1519 606
36 997 1747
13 2068 2079
10 2390 312
14 2053 1173
42 706 4926
***世代 850 適応度 max -92592.0 (1) mean -116377.87 時間 16:46:01.379759
23 565 7986
18 583 8209
31 1110 5641
59 697 2563
26 -3177 570
12 -3069 1239
48 -5151 3684
21 -4825 5558
24 392 4939
27 1215 2462
40 1917 2702
33 2214 2495
49 1919 2405
8 1883 2048
54 4480 352
44 4648 -63
6 4628 248
35 3482 198
34 5850 -102
45 5630 -340
4 5519 -356
38 5908 -651
41 5945 -606
39 5926 -502
9 6389 -545
22 6036 -324
43 5907 -413
51 5889 -428
2 5796 -295
37 5314 -149
55 4444 69
46 4407 84
7 4221 202
5 3981 245
15 3446 -38
30 3242 -54
28 3445 35
57 3795 408
50 4053 632
56 2793 1280
58 2442 1041
47 2443 907
17 2294 1099
60 2108 1351
53 1513 2166
3 -34 5339
11 1063 3516
32 1230 3412
1 4219 647
52 7512 484
29 7125 185
0 13445 5911
25 2856 -427
16 2556 432
20 3038 107
19 1519 606
36 997 1747
13 2068 2079
10 2390 312
14 2053 1173
42 706 4926
***世代 900 適応度 max -92592.0 (1) mean -97753.77 時間 16:46:08.201281
23 565 7986
18 583 8209
31 1110 5641
59 697 2563
26 -3177 570
12 -3069 1239
48 -5151 3684
21 -4825 5558
24 392 4939
27 1215 2462
40 1917 2702
33 2214 2495
49 1919 2405
8 1883 2048
54 4480 352
44 4648 -63
6 4628 248
35 3482 198
34 5850 -102
45 5630 -340
4 5519 -356
38 5908 -651
41 5945 -606
39 5926 -502
9 6389 -545
22 6036 -324
43 5907 -413
51 5889 -428
2 5796 -295
37 5314 -149
55 4444 69
46 4407 84
7 4221 202
5 3981 245
15 3446 -38
30 3242 -54
28 3445 35
57 3795 408
50 4053 632
56 2793 1280
58 2442 1041
47 2443 907
17 2294 1099
60 2108 1351
53 1513 2166
3 -34 5339
11 1063 3516
32 1230 3412
1 4219 647
52 7512 484
29 7125 185
0 13445 5911
25 2856 -427
16 2556 432
20 3038 107
19 1519 606
36 997 1747
13 2068 2079
10 2390 312
14 2053 1173
42 706 4926
***世代 950 適応度 max -90921.0 (28) mean -96715.32 時間 16:46:15.383460
23 565 7986
18 583 8209
31 1110 5641
59 697 2563
26 -3177 570
12 -3069 1239
48 -5151 3684
21 -4825 5558
24 392 4939
27 1215 2462
40 1917 2702
33 2214 2495
49 1919 2405
8 1883 2048
54 4480 352
44 4648 -63
6 4628 248
34 5850 -102
4 5519 -356
45 5630 -340
38 5908 -651
41 5945 -606
9 6389 -545
22 6036 -324
39 5926 -502
43 5907 -413
51 5889 -428
2 5796 -295
37 5314 -149
55 4444 69
46 4407 84
7 4221 202
5 3981 245
15 3446 -38
30 3242 -54
28 3445 35
57 3795 408
50 4053 632
56 2793 1280
58 2442 1041
47 2443 907
17 2294 1099
60 2108 1351
53 1513 2166
3 -34 5339
11 1063 3516
32 1230 3412
1 4219 647
52 7512 484
29 7125 185
0 13445 5911
35 3482 198
25 2856 -427
16 2556 432
20 3038 107
19 1519 606
13 2068 2079
36 997 1747
10 2390 312
14 2053 1173
42 706 4926
***世代 1000 適応度 max -85866.0 (4) mean -88079.89 時間 16:46:23.003565
23 565 7986
18 583 8209
31 1110 5641
59 697 2563
26 -3177 570
12 -3069 1239
48 -5151 3684
21 -4825 5558
24 392 4939
27 1215 2462
40 1917 2702
33 2214 2495
49 1919 2405
8 1883 2048
54 4480 352
44 4648 -63
6 4628 248
34 5850 -102
4 5519 -356
45 5630 -340
41 5945 -606
38 5908 -651
51 5889 -428
39 5926 -502
22 6036 -324
43 5907 -413
9 6389 -545
2 5796 -295
37 5314 -149
46 4407 84
55 4444 69
7 4221 202
28 3445 35
30 3242 -54
15 3446 -38
5 3981 245
57 3795 408
50 4053 632
56 2793 1280
58 2442 1041
47 2443 907
17 2294 1099
60 2108 1351
53 1513 2166
32 1230 3412
11 1063 3516
3 -34 5339
0 13445 5911
52 7512 484
29 7125 185
1 4219 647
35 3482 198
25 2856 -427
16 2556 432
20 3038 107
10 2390 312
13 2068 2079
36 997 1747
19 1519 606
14 2053 1173
42 706 4926
***世代 1050 適応度 max -84988.0 (0) mean -86125.17 時間 16:46:30.799763
23 565 7986
18 583 8209
31 1110 5641
59 697 2563
26 -3177 570
12 -3069 1239
48 -5151 3684
21 -4825 5558
24 392 4939
27 1215 2462
40 1917 2702
33 2214 2495
49 1919 2405
8 1883 2048
54 4480 352
44 4648 -63
6 4628 248
34 5850 -102
4 5519 -356
45 5630 -340
39 5926 -502
38 5908 -651
41 5945 -606
9 6389 -545
22 6036 -324
51 5889 -428
43 5907 -413
2 5796 -295
37 5314 -149
55 4444 69
46 4407 84
7 4221 202
5 3981 245
15 3446 -38
30 3242 -54
28 3445 35
57 3795 408
50 4053 632
56 2793 1280
58 2442 1041
47 2443 907
17 2294 1099
60 2108 1351
53 1513 2166
32 1230 3412
11 1063 3516
3 -34 5339
0 13445 5911
52 7512 484
29 7125 185
1 4219 647
35 3482 198
25 2856 -427
16 2556 432
20 3038 107
10 2390 312
13 2068 2079
36 997 1747
19 1519 606
14 2053 1173
42 706 4926
***世代 1100 適応度 max -82611.0 (10) mean -94437.58 時間 16:46:38.549416
23 565 7986
18 583 8209
31 1110 5641
59 697 2563
26 -3177 570
12 -3069 1239
48 -5151 3684
21 -4825 5558
24 392 4939
27 1215 2462
40 1917 2702
33 2214 2495
49 1919 2405
8 1883 2048
54 4480 352
44 4648 -63
6 4628 248
34 5850 -102
4 5519 -356
45 5630 -340
39 5926 -502
41 5945 -606
38 5908 -651
9 6389 -545
51 5889 -428
43 5907 -413
22 6036 -324
2 5796 -295
37 5314 -149
55 4444 69
46 4407 84
7 4221 202
5 3981 245
15 3446 -38
30 3242 -54
28 3445 35
57 3795 408
50 4053 632
56 2793 1280
58 2442 1041
47 2443 907
17 2294 1099
60 2108 1351
53 1513 2166
14 2053 1173
19 1519 606
36 997 1747
13 2068 2079
10 2390 312
20 3038 107
16 2556 432
25 2856 -427
35 3482 198
1 4219 647
29 7125 185
52 7512 484
0 13445 5911
3 -34 5339
11 1063 3516
32 1230 3412
42 706 4926
***世代 1150 適応度 max -82594.0 (24) mean -92740.75 時間 16:46:45.527360
23 565 7986
18 583 8209
31 1110 5641
59 697 2563
26 -3177 570
12 -3069 1239
48 -5151 3684
21 -4825 5558
24 392 4939
27 1215 2462
40 1917 2702
33 2214 2495
49 1919 2405
8 1883 2048
54 4480 352
44 4648 -63
6 4628 248
34 5850 -102
4 5519 -356
45 5630 -340
39 5926 -502
38 5908 -651
41 5945 -606
51 5889 -428
43 5907 -413
9 6389 -545
22 6036 -324
2 5796 -295
37 5314 -149
55 4444 69
46 4407 84
7 4221 202
5 3981 245
15 3446 -38
30 3242 -54
28 3445 35
57 3795 408
50 4053 632
56 2793 1280
58 2442 1041
47 2443 907
17 2294 1099
60 2108 1351
53 1513 2166
14 2053 1173
19 1519 606
36 997 1747
13 2068 2079
10 2390 312
20 3038 107
16 2556 432
25 2856 -427
35 3482 198
1 4219 647
29 7125 185
52 7512 484
0 13445 5911
3 -34 5339
11 1063 3516
32 1230 3412
42 706 4926
***世代 1200 適応度 max -82552.0 (9) mean -84902.88 時間 16:46:52.171807
23 565 7986
18 583 8209
31 1110 5641
59 697 2563
26 -3177 570
12 -3069 1239
48 -5151 3684
21 -4825 5558
24 392 4939
27 1215 2462
40 1917 2702
33 2214 2495
49 1919 2405
8 1883 2048
54 4480 352
44 4648 -63
6 4628 248
34 5850 -102
4 5519 -356
45 5630 -340
38 5908 -651
41 5945 -606
39 5926 -502
51 5889 -428
43 5907 -413
9 6389 -545
22 6036 -324
2 5796 -295
37 5314 -149
55 4444 69
46 4407 84
7 4221 202
5 3981 245
28 3445 35
30 3242 -54
15 3446 -38
57 3795 408
50 4053 632
56 2793 1280
58 2442 1041
47 2443 907
17 2294 1099
60 2108 1351
53 1513 2166
14 2053 1173
19 1519 606
36 997 1747
13 2068 2079
10 2390 312
20 3038 107
16 2556 432
25 2856 -427
35 3482 198
1 4219 647
29 7125 185
52 7512 484
0 13445 5911
3 -34 5339
11 1063 3516
32 1230 3412
42 706 4926
***世代 1250 適応度 max -81410.0 (31) mean -82052.92 時間 16:46:58.740935
23 565 7986
18 583 8209
31 1110 5641
59 697 2563
26 -3177 570
12 -3069 1239
48 -5151 3684
21 -4825 5558
24 392 4939
27 1215 2462
40 1917 2702
33 2214 2495
49 1919 2405
8 1883 2048
54 4480 352
44 4648 -63
6 4628 248
4 5519 -356
45 5630 -340
34 5850 -102
2 5796 -295
38 5908 -651
41 5945 -606
9 6389 -545
39 5926 -502
51 5889 -428
22 6036 -324
43 5907 -413
37 5314 -149
55 4444 69
46 4407 84
7 4221 202
5 3981 245
15 3446 -38
30 3242 -54
28 3445 35
57 3795 408
50 4053 632
56 2793 1280
58 2442 1041
47 2443 907
17 2294 1099
60 2108 1351
14 2053 1173
19 1519 606
53 1513 2166
36 997 1747
13 2068 2079
20 3038 107
16 2556 432
10 2390 312
25 2856 -427
35 3482 198
1 4219 647
29 7125 185
52 7512 484
0 13445 5911
3 -34 5339
11 1063 3516
32 1230 3412
42 706 4926
***世代 1300 適応度 max -81088.0 (48) mean -85582.53 時間 16:47:05.174783
23 565 7986
18 583 8209
31 1110 5641
59 697 2563
26 -3177 570
12 -3069 1239
48 -5151 3684
21 -4825 5558
24 392 4939
27 1215 2462
40 1917 2702
33 2214 2495
49 1919 2405
8 1883 2048
54 4480 352
44 4648 -63
6 4628 248
4 5519 -356
45 5630 -340
34 5850 -102
2 5796 -295
51 5889 -428
43 5907 -413
39 5926 -502
38 5908 -651
41 5945 -606
9 6389 -545
22 6036 -324
37 5314 -149
55 4444 69
46 4407 84
7 4221 202
5 3981 245
15 3446 -38
30 3242 -54
28 3445 35
57 3795 408
50 4053 632
56 2793 1280
58 2442 1041
47 2443 907
17 2294 1099
60 2108 1351
14 2053 1173
19 1519 606
53 1513 2166
36 997 1747
13 2068 2079
20 3038 107
16 2556 432
10 2390 312
25 2856 -427
35 3482 198
1 4219 647
29 7125 185
52 7512 484
0 13445 5911
3 -34 5339
11 1063 3516
32 1230 3412
42 706 4926
***世代 1350 適応度 max -79153.0 (26) mean -80906.84 時間 16:47:12.125185
23 565 7986
18 583 8209
31 1110 5641
59 697 2563
26 -3177 570
12 -3069 1239
48 -5151 3684
21 -4825 5558
24 392 4939
27 1215 2462
40 1917 2702
33 2214 2495
49 1919 2405
8 1883 2048
54 4480 352
44 4648 -63
6 4628 248
4 5519 -356
45 5630 -340
34 5850 -102
2 5796 -295
39 5926 -502
41 5945 -606
51 5889 -428
43 5907 -413
38 5908 -651
9 6389 -545
22 6036 -324
37 5314 -149
55 4444 69
46 4407 84
7 4221 202
5 3981 245
28 3445 35
15 3446 -38
30 3242 -54
57 3795 408
50 4053 632
56 2793 1280
58 2442 1041
47 2443 907
17 2294 1099
60 2108 1351
14 2053 1173
13 2068 2079
53 1513 2166
36 997 1747
19 1519 606
10 2390 312
16 2556 432
20 3038 107
25 2856 -427
35 3482 198
1 4219 647
29 7125 185
52 7512 484
0 13445 5911
3 -34 5339
11 1063 3516
32 1230 3412
42 706 4926
***世代 1400 適応度 max -78343.0 (19) mean -83609.67 時間 16:47:19.795935
23 565 7986
18 583 8209
31 1110 5641
59 697 2563
26 -3177 570
12 -3069 1239
48 -5151 3684
21 -4825 5558
24 392 4939
27 1215 2462
40 1917 2702
33 2214 2495
49 1919 2405
8 1883 2048
54 4480 352
44 4648 -63
6 4628 248
4 5519 -356
45 5630 -340
34 5850 -102
2 5796 -295
43 5907 -413
38 5908 -651
41 5945 -606
39 5926 -502
51 5889 -428
22 6036 -324
9 6389 -545
37 5314 -149
55 4444 69
46 4407 84
7 4221 202
5 3981 245
28 3445 35
15 3446 -38
30 3242 -54
35 3482 198
25 2856 -427
20 3038 107
16 2556 432
10 2390 312
19 1519 606
36 997 1747
53 1513 2166
13 2068 2079
14 2053 1173
60 2108 1351
17 2294 1099
47 2443 907
58 2442 1041
56 2793 1280
50 4053 632
57 3795 408
1 4219 647
29 7125 185
52 7512 484
0 13445 5911
3 -34 5339
11 1063 3516
32 1230 3412
42 706 4926
***世代 1450 適応度 max -77742.0 (86) mean -81810.1 時間 16:47:27.177625
23 565 7986
18 583 8209
31 1110 5641
59 697 2563
26 -3177 570
12 -3069 1239
48 -5151 3684
21 -4825 5558
24 392 4939
27 1215 2462
40 1917 2702
33 2214 2495
49 1919 2405
8 1883 2048
54 4480 352
44 4648 -63
6 4628 248
4 5519 -356
45 5630 -340
34 5850 -102
2 5796 -295
43 5907 -413
38 5908 -651
41 5945 -606
39 5926 -502
51 5889 -428
22 6036 -324
9 6389 -545
37 5314 -149
55 4444 69
46 4407 84
7 4221 202
5 3981 245
28 3445 35
35 3482 198
15 3446 -38
30 3242 -54
25 2856 -427
20 3038 107
16 2556 432
10 2390 312
19 1519 606
36 997 1747
53 1513 2166
13 2068 2079
60 2108 1351
14 2053 1173
17 2294 1099
47 2443 907
58 2442 1041
56 2793 1280
50 4053 632
57 3795 408
1 4219 647
29 7125 185
52 7512 484
0 13445 5911
3 -34 5339
11 1063 3516
32 1230 3412
42 706 4926
***世代 1500 適応度 max -77742.0 (11) mean -81529.22 時間 16:47:33.800054
23 565 7986
18 583 8209
31 1110 5641
59 697 2563
26 -3177 570
12 -3069 1239
48 -5151 3684
21 -4825 5558
24 392 4939
27 1215 2462
40 1917 2702
33 2214 2495
49 1919 2405
8 1883 2048
54 4480 352
44 4648 -63
6 4628 248
4 5519 -356
45 5630 -340
34 5850 -102
2 5796 -295
43 5907 -413
38 5908 -651
41 5945 -606
39 5926 -502
51 5889 -428
22 6036 -324
9 6389 -545
37 5314 -149
55 4444 69
46 4407 84
7 4221 202
5 3981 245
28 3445 35
35 3482 198
15 3446 -38
30 3242 -54
25 2856 -427
20 3038 107
16 2556 432
10 2390 312
19 1519 606
36 997 1747
53 1513 2166
13 2068 2079
60 2108 1351
14 2053 1173
17 2294 1099
47 2443 907
58 2442 1041
56 2793 1280
50 4053 632
57 3795 408
1 4219 647
29 7125 185
52 7512 484
0 13445 5911
3 -34 5339
11 1063 3516
32 1230 3412
42 706 4926
***世代 1550 適応度 max -77501.0 (15) mean -78176.47 時間 16:47:39.374731
23 565 7986
18 583 8209
31 1110 5641
59 697 2563
26 -3177 570
12 -3069 1239
48 -5151 3684
21 -4825 5558
24 392 4939
27 1215 2462
40 1917 2702
33 2214 2495
49 1919 2405
8 1883 2048
54 4480 352
44 4648 -63
6 4628 248
4 5519 -356
45 5630 -340
34 5850 -102
2 5796 -295
43 5907 -413
38 5908 -651
41 5945 -606
39 5926 -502
51 5889 -428
22 6036 -324
9 6389 -545
37 5314 -149
55 4444 69
46 4407 84
7 4221 202
5 3981 245
35 3482 198
28 3445 35
15 3446 -38
30 3242 -54
25 2856 -427
20 3038 107
16 2556 432
10 2390 312
19 1519 606
36 997 1747
53 1513 2166
13 2068 2079
60 2108 1351
14 2053 1173
17 2294 1099
47 2443 907
58 2442 1041
56 2793 1280
50 4053 632
57 3795 408
1 4219 647
29 7125 185
52 7512 484
0 13445 5911
3 -34 5339
11 1063 3516
32 1230 3412
42 706 4926
***世代 1600 適応度 max -77457.0 (17) mean -78229.57 時間 16:47:44.679900
23 565 7986
18 583 8209
31 1110 5641
59 697 2563
26 -3177 570
12 -3069 1239
48 -5151 3684
21 -4825 5558
24 392 4939
27 1215 2462
40 1917 2702
33 2214 2495
49 1919 2405
8 1883 2048
54 4480 352
44 4648 -63
6 4628 248
4 5519 -356
45 5630 -340
34 5850 -102
2 5796 -295
43 5907 -413
51 5889 -428
39 5926 -502
41 5945 -606
38 5908 -651
22 6036 -324
9 6389 -545
37 5314 -149
55 4444 69
46 4407 84
7 4221 202
5 3981 245
35 3482 198
28 3445 35
15 3446 -38
30 3242 -54
25 2856 -427
20 3038 107
16 2556 432
10 2390 312
19 1519 606
36 997 1747
53 1513 2166
13 2068 2079
60 2108 1351
14 2053 1173
17 2294 1099
47 2443 907
58 2442 1041
56 2793 1280
50 4053 632
57 3795 408
1 4219 647
29 7125 185
52 7512 484
0 13445 5911
3 -34 5339
11 1063 3516
32 1230 3412
42 706 4926
***世代 1650 適応度 max -76383.0 (0) mean -76897.72 時間 16:47:50.168817
23 565 7986
18 583 8209
31 1110 5641
59 697 2563
26 -3177 570
12 -3069 1239
48 -5151 3684
21 -4825 5558
24 392 4939
27 1215 2462
40 1917 2702
33 2214 2495
49 1919 2405
8 1883 2048
54 4480 352
44 4648 -63
6 4628 248
4 5519 -356
45 5630 -340
34 5850 -102
2 5796 -295
43 5907 -413
51 5889 -428
39 5926 -502
38 5908 -651
41 5945 -606
22 6036 -324
9 6389 -545
37 5314 -149
55 4444 69
46 4407 84
7 4221 202
5 3981 245
35 3482 198
28 3445 35
15 3446 -38
30 3242 -54
25 2856 -427
20 3038 107
16 2556 432
10 2390 312
19 1519 606
36 997 1747
53 1513 2166
13 2068 2079
60 2108 1351
14 2053 1173
17 2294 1099
47 2443 907
58 2442 1041
56 2793 1280
50 4053 632
57 3795 408
1 4219 647
29 7125 185
52 7512 484
0 13445 5911
42 706 4926
32 1230 3412
11 1063 3516
3 -34 5339
***世代 1700 適応度 max -76133.0 (20) mean -80526.64 時間 16:47:55.459848
23 565 7986
18 583 8209
31 1110 5641
59 697 2563
26 -3177 570
12 -3069 1239
48 -5151 3684
21 -4825 5558
24 392 4939
27 1215 2462
40 1917 2702
33 2214 2495
49 1919 2405
8 1883 2048
54 4480 352
44 4648 -63
6 4628 248
4 5519 -356
45 5630 -340
34 5850 -102
2 5796 -295
43 5907 -413
51 5889 -428
39 5926 -502
41 5945 -606
38 5908 -651
9 6389 -545
22 6036 -324
37 5314 -149
55 4444 69
46 4407 84
7 4221 202
5 3981 245
35 3482 198
28 3445 35
15 3446 -38
30 3242 -54
25 2856 -427
20 3038 107
16 2556 432
10 2390 312
19 1519 606
36 997 1747
53 1513 2166
13 2068 2079
60 2108 1351
14 2053 1173
17 2294 1099
47 2443 907
58 2442 1041
56 2793 1280
50 4053 632
57 3795 408
1 4219 647
29 7125 185
52 7512 484
0 13445 5911
42 706 4926
32 1230 3412
11 1063 3516
3 -34 5339
***世代 1750 適応度 max -76132.0 (1) mean -76843.37 時間 16:48:02.193371
23 565 7986
18 583 8209
31 1110 5641
59 697 2563
26 -3177 570
12 -3069 1239
48 -5151 3684
21 -4825 5558
24 392 4939
27 1215 2462
40 1917 2702
33 2214 2495
49 1919 2405
8 1883 2048
54 4480 352
44 4648 -63
6 4628 248
4 5519 -356
45 5630 -340
34 5850 -102
2 5796 -295
43 5907 -413
51 5889 -428
39 5926 -502
38 5908 -651
41 5945 -606
9 6389 -545
22 6036 -324
37 5314 -149
55 4444 69
46 4407 84
7 4221 202
5 3981 245
35 3482 198
28 3445 35
15 3446 -38
30 3242 -54
25 2856 -427
20 3038 107
16 2556 432
10 2390 312
19 1519 606
36 997 1747
53 1513 2166
13 2068 2079
60 2108 1351
14 2053 1173
17 2294 1099
47 2443 907
58 2442 1041
56 2793 1280
50 4053 632
57 3795 408
1 4219 647
29 7125 185
52 7512 484
0 13445 5911
42 706 4926
32 1230 3412
11 1063 3516
3 -34 5339
***世代 1800 適応度 max -75862.0 (56) mean -80318.52 時間 16:48:08.188154
23 565 7986
18 583 8209
31 1110 5641
59 697 2563
26 -3177 570
12 -3069 1239
48 -5151 3684
21 -4825 5558
24 392 4939
27 1215 2462
40 1917 2702
33 2214 2495
49 1919 2405
8 1883 2048
1 4219 647
57 3795 408
50 4053 632
56 2793 1280
58 2442 1041
47 2443 907
17 2294 1099
14 2053 1173
60 2108 1351
13 2068 2079
53 1513 2166
36 997 1747
19 1519 606
10 2390 312
16 2556 432
20 3038 107
25 2856 -427
30 3242 -54
15 3446 -38
28 3445 35
35 3482 198
5 3981 245
7 4221 202
46 4407 84
55 4444 69
37 5314 -149
22 6036 -324
38 5908 -651
39 5926 -502
41 5945 -606
9 6389 -545
43 5907 -413
51 5889 -428
2 5796 -295
34 5850 -102
45 5630 -340
4 5519 -356
6 4628 248
44 4648 -63
54 4480 352
29 7125 185
52 7512 484
0 13445 5911
42 706 4926
32 1230 3412
11 1063 3516
3 -34 5339
***世代 1850 適応度 max -75862.0 (48) mean -88378.98 時間 16:48:13.425526
23 565 7986
18 583 8209
31 1110 5641
59 697 2563
26 -3177 570
12 -3069 1239
48 -5151 3684
21 -4825 5558
24 392 4939
27 1215 2462
40 1917 2702
33 2214 2495
49 1919 2405
8 1883 2048
1 4219 647
57 3795 408
50 4053 632
56 2793 1280
58 2442 1041
47 2443 907
17 2294 1099
14 2053 1173
60 2108 1351
13 2068 2079
53 1513 2166
36 997 1747
19 1519 606
10 2390 312
16 2556 432
20 3038 107
25 2856 -427
30 3242 -54
15 3446 -38
28 3445 35
35 3482 198
5 3981 245
7 4221 202
46 4407 84
55 4444 69
37 5314 -149
22 6036 -324
38 5908 -651
39 5926 -502
41 5945 -606
9 6389 -545
43 5907 -413
51 5889 -428
2 5796 -295
34 5850 -102
45 5630 -340
4 5519 -356
6 4628 248
44 4648 -63
54 4480 352
29 7125 185
52 7512 484
0 13445 5911
42 706 4926
32 1230 3412
11 1063 3516
3 -34 5339
***世代 1900 適応度 max -75717.0 (32) mean -78799.66 時間 16:48:18.760298
23 565 7986
18 583 8209
31 1110 5641
59 697 2563
26 -3177 570
12 -3069 1239
48 -5151 3684
21 -4825 5558
24 392 4939
27 1215 2462
40 1917 2702
33 2214 2495
49 1919 2405
8 1883 2048
54 4480 352
6 4628 248
44 4648 -63
4 5519 -356
45 5630 -340
34 5850 -102
2 5796 -295
51 5889 -428
43 5907 -413
39 5926 -502
41 5945 -606
38 5908 -651
9 6389 -545
22 6036 -324
37 5314 -149
55 4444 69
46 4407 84
7 4221 202
5 3981 245
35 3482 198
28 3445 35
15 3446 -38
30 3242 -54
25 2856 -427
20 3038 107
16 2556 432
10 2390 312
19 1519 606
36 997 1747
53 1513 2166
13 2068 2079
60 2108 1351
14 2053 1173
17 2294 1099
47 2443 907
58 2442 1041
56 2793 1280
50 4053 632
57 3795 408
1 4219 647
29 7125 185
52 7512 484
0 13445 5911
42 706 4926
32 1230 3412
11 1063 3516
3 -34 5339
***世代 1950 適応度 max -74261.0 (33) mean -81391.72 時間 16:48:23.943912
23 565 7986
18 583 8209
31 1110 5641
24 392 4939
26 -3177 570
12 -3069 1239
48 -5151 3684
21 -4825 5558
59 697 2563
27 1215 2462
40 1917 2702
33 2214 2495
49 1919 2405
8 1883 2048
54 4480 352
6 4628 248
44 4648 -63
4 5519 -356
45 5630 -340
2 5796 -295
34 5850 -102
51 5889 -428
22 6036 -324
43 5907 -413
41 5945 -606
9 6389 -545
38 5908 -651
39 5926 -502
37 5314 -149
55 4444 69
46 4407 84
7 4221 202
5 3981 245
35 3482 198
28 3445 35
15 3446 -38
30 3242 -54
25 2856 -427
20 3038 107
16 2556 432
10 2390 312
19 1519 606
36 997 1747
53 1513 2166
13 2068 2079
60 2108 1351
14 2053 1173
17 2294 1099
47 2443 907
58 2442 1041
56 2793 1280
50 4053 632
57 3795 408
1 4219 647
29 7125 185
52 7512 484
0 13445 5911
42 706 4926
32 1230 3412
11 1063 3516
3 -34 5339
***世代 2000 適応度 max -71812.0 (58) mean -77013.32 時間 16:48:29.701560
23 565 7986
18 583 8209
31 1110 5641
24 392 4939
26 -3177 570
12 -3069 1239
48 -5151 3684
21 -4825 5558
59 697 2563
27 1215 2462
40 1917 2702
33 2214 2495
49 1919 2405
8 1883 2048
56 2793 1280
58 2442 1041
47 2443 907
17 2294 1099
14 2053 1173
60 2108 1351
13 2068 2079
53 1513 2166
36 997 1747
19 1519 606
10 2390 312
16 2556 432
20 3038 107
25 2856 -427
30 3242 -54
15 3446 -38
28 3445 35
35 3482 198
5 3981 245
7 4221 202
55 4444 69
46 4407 84
37 5314 -149
38 5908 -651
41 5945 -606
39 5926 -502
2 5796 -295
9 6389 -545
22 6036 -324
43 5907 -413
34 5850 -102
51 5889 -428
45 5630 -340
4 5519 -356
44 4648 -63
6 4628 248
54 4480 352
50 4053 632
57 3795 408
1 4219 647
29 7125 185
52 7512 484
0 13445 5911
42 706 4926
32 1230 3412
11 1063 3516
3 -34 5339
***世代 1999 適応度 max -71812.0 (58) mean -77013.32 時間 16:48:29.702042
23 565 7986
18 583 8209
31 1110 5641
24 392 4939
26 -3177 570
12 -3069 1239
48 -5151 3684
21 -4825 5558
59 697 2563
27 1215 2462
40 1917 2702
33 2214 2495
49 1919 2405
8 1883 2048
56 2793 1280
58 2442 1041
47 2443 907
17 2294 1099
14 2053 1173
60 2108 1351
13 2068 2079
53 1513 2166
36 997 1747
19 1519 606
10 2390 312
16 2556 432
20 3038 107
25 2856 -427
30 3242 -54
15 3446 -38
28 3445 35
35 3482 198
5 3981 245
7 4221 202
55 4444 69
46 4407 84
37 5314 -149
38 5908 -651
41 5945 -606
39 5926 -502
2 5796 -295
9 6389 -545
22 6036 -324
43 5907 -413
34 5850 -102
51 5889 -428
45 5630 -340
4 5519 -356
44 4648 -63
6 4628 248
54 4480 352
50 4053 632
57 3795 408
1 4219 647
29 7125 185
52 7512 484
0 13445 5911
42 706 4926
32 1230 3412
11 1063 3516
3 -34 5339
