***世代 1 適応度 max -234755.0 (18) mean -272628.84 時間 16:51:03.643291
35 4240 172
8 -4937 5677
23 3760 81
28 715 2771
12 6147 -338
26 6037 -398
9 6242 -872
20 10138 -3362
27 6129 -457
1 -6694 5893
41 10284 -3035
17 3427 -38
31 2183 1010
16 -2262 2729
36 -1147 1530
37 -1205 2273
3 -6806 6056
6 1591 1126
24 5556 -430
15 3672 3319
14 2052 1544
0 -6621 6012
4 -6658 6057
34 -999 1590
40 3517 600
38 539 5148
7 10352 2485
25 6222 -397
13 741 5387
22 1192 8642
5 -128 5547
11 2516 1115
42 1795 1082
2 -6565 5834
30 888 5684
33 1476 2210
18 2872 92
21 -4234 1309
39 -6041 4304
29 1945 504
32 3482 109
10 5814 -236
19 2548 2155
***世代 50 適応度 max -162908.0 (51) mean -212753.98 時間 16:51:07.769132
7 10352 2485
24 5556 -430
35 4240 172
33 1476 2210
27 6129 -457
29 1945 504
34 -999 1590
8 -4937 5677
0 -6621 6012
4 -6658 6057
2 -6565 5834
18 2872 92
17 3427 -38
41 10284 -3035
20 10138 -3362
42 1795 1082
28 715 2771
16 -2262 2729
39 -6041 4304
37 -1205 2273
36 -1147 1530
23 3760 81
15 3672 3319
30 888 5684
26 6037 -398
31 2183 1010
10 5814 -236
12 6147 -338
25 6222 -397
11 2516 1115
32 3482 109
9 6242 -872
40 3517 600
22 1192 8642
13 741 5387
38 539 5148
1 -6694 5893
3 -6806 6056
5 -128 5547
21 -4234 1309
14 2052 1544
6 1591 1126
19 2548 2155
***世代 100 適応度 max -130995.0 (11) mean -165198.51 時間 16:51:11.994005
7 10352 2485
27 6129 -457
24 5556 -430
35 4240 172
29 1945 504
33 1476 2210
34 -999 1590
8 -4937 5677
4 -6658 6057
0 -6621 6012
2 -6565 5834
39 -6041 4304
18 2872 92
17 3427 -38
20 10138 -3362
41 10284 -3035
28 715 2771
16 -2262 2729
42 1795 1082
37 -1205 2273
36 -1147 1530
31 2183 1010
15 3672 3319
23 3760 81
26 6037 -398
10 5814 -236
12 6147 -338
25 6222 -397
9 6242 -872
32 3482 109
40 3517 600
22 1192 8642
38 539 5148
30 888 5684
5 -128 5547
13 741 5387
14 2052 1544
1 -6694 5893
3 -6806 6056
21 -4234 1309
11 2516 1115
6 1591 1126
19 2548 2155
***世代 150 適応度 max -113883.0 (9) mean -135139.3 時間 16:51:16.337930
7 10352 2485
27 6129 -457
24 5556 -430
35 4240 172
29 1945 504
33 1476 2210
34 -999 1590
4 -6658 6057
2 -6565 5834
0 -6621 6012
8 -4937 5677
39 -6041 4304
18 2872 92
17 3427 -38
20 10138 -3362
41 10284 -3035
28 715 2771
16 -2262 2729
37 -1205 2273
36 -1147 1530
42 1795 1082
31 2183 1010
23 3760 81
10 5814 -236
25 6222 -397
9 6242 -872
26 6037 -398
12 6147 -338
32 3482 109
40 3517 600
15 3672 3319
30 888 5684
38 539 5148
13 741 5387
5 -128 5547
22 1192 8642
1 -6694 5893
3 -6806 6056
21 -4234 1309
14 2052 1544
11 2516 1115
6 1591 1126
19 2548 2155
***世代 200 適応度 max -111388.0 (44) mean -122012.61 時間 16:51:20.882663
7 10352 2485
27 6129 -457
24 5556 -430
35 4240 172
29 1945 504
33 1476 2210
34 -999 1590
8 -4937 5677
4 -6658 6057
0 -6621 6012
2 -6565 5834
39 -6041 4304
37 -1205 2273
18 2872 92
17 3427 -38
20 10138 -3362
41 10284 -3035
28 715 2771
16 -2262 2729
36 -1147 1530
42 1795 1082
31 2183 1010
40 3517 600
23 3760 81
10 5814 -236
25 6222 -397
12 6147 -338
26 6037 -398
9 6242 -872
32 3482 109
15 3672 3319
30 888 5684
13 741 5387
38 539 5148
5 -128 5547
22 1192 8642
1 -6694 5893
3 -6806 6056
21 -4234 1309
14 2052 1544
11 2516 1115
6 1591 1126
19 2548 2155
***世代 250 適応度 max -111062.0 (63) mean -125615.07 時間 16:51:27.736649
7 10352 2485
27 6129 -457
25 6222 -397
12 6147 -338
26 6037 -398
10 5814 -236
23 3760 81
40 3517 600
31 2183 1010
42 1795 1082
36 -1147 1530
16 -2262 2729
28 715 2771
41 10284 -3035
20 10138 -3362
17 3427 -38
18 2872 92
37 -1205 2273
39 -6041 4304
2 -6565 5834
0 -6621 6012
4 -6658 6057
8 -4937 5677
34 -999 1590
33 1476 2210
29 1945 504
35 4240 172
24 5556 -430
9 6242 -872
32 3482 109
15 3672 3319
30 888 5684
13 741 5387
38 539 5148
5 -128 5547
22 1192 8642
1 -6694 5893
3 -6806 6056
21 -4234 1309
14 2052 1544
11 2516 1115
6 1591 1126
19 2548 2155
***世代 300 適応度 max -107709.0 (96) mean -125717.82 時間 16:51:31.962232
7 10352 2485
41 10284 -3035
20 10138 -3362
29 1945 504
37 -1205 2273
34 -999 1590
8 -4937 5677
4 -6658 6057
0 -6621 6012
2 -6565 5834
39 -6041 4304
33 1476 2210
18 2872 92
17 3427 -38
35 4240 172
24 5556 -430
27 6129 -457
42 1795 1082
36 -1147 1530
16 -2262 2729
28 715 2771
31 2183 1010
40 3517 600
23 3760 81
10 5814 -236
26 6037 -398
25 6222 -397
9 6242 -872
12 6147 -338
32 3482 109
15 3672 3319
30 888 5684
13 741 5387
38 539 5148
5 -128 5547
22 1192 8642
1 -6694 5893
3 -6806 6056
21 -4234 1309
14 2052 1544
11 2516 1115
6 1591 1126
19 2548 2155
***世代 350 適応度 max -106049.0 (28) mean -111503.18 時間 16:51:37.065038
7 10352 2485
41 10284 -3035
20 10138 -3362
35 4240 172
29 1945 504
34 -999 1590
37 -1205 2273
8 -4937 5677
4 -6658 6057
0 -6621 6012
2 -6565 5834
39 -6041 4304
33 1476 2210
18 2872 92
17 3427 -38
40 3517 600
31 2183 1010
42 1795 1082
36 -1147 1530
16 -2262 2729
28 715 2771
27 6129 -457
24 5556 -430
23 3760 81
10 5814 -236
26 6037 -398
25 6222 -397
12 6147 -338
9 6242 -872
32 3482 109
15 3672 3319
30 888 5684
13 741 5387
38 539 5148
5 -128 5547
22 1192 8642
1 -6694 5893
3 -6806 6056
21 -4234 1309
14 2052 1544
11 2516 1115
6 1591 1126
19 2548 2155
***世代 400 適応度 max -102148.0 (24) mean -114878.44 時間 16:51:43.943931
7 10352 2485
41 10284 -3035
20 10138 -3362
35 4240 172
29 1945 504
34 -999 1590
37 -1205 2273
39 -6041 4304
4 -6658 6057
0 -6621 6012
2 -6565 5834
8 -4937 5677
33 1476 2210
18 2872 92
17 3427 -38
40 3517 600
31 2183 1010
42 1795 1082
36 -1147 1530
16 -2262 2729
28 715 2771
23 3760 81
24 5556 -430
27 6129 -457
9 6242 -872
10 5814 -236
25 6222 -397
26 6037 -398
12 6147 -338
32 3482 109
15 3672 3319
30 888 5684
13 741 5387
38 539 5148
5 -128 5547
22 1192 8642
1 -6694 5893
3 -6806 6056
21 -4234 1309
14 2052 1544
11 2516 1115
6 1591 1126
19 2548 2155
***世代 450 適応度 max -98299.0 (50) mean -105259.57 時間 16:51:49.346437
7 10352 2485
41 10284 -3035
20 10138 -3362
35 4240 172
29 1945 504
34 -999 1590
37 -1205 2273
39 -6041 4304
2 -6565 5834
4 -6658 6057
0 -6621 6012
8 -4937 5677
16 -2262 2729
28 715 2771
33 1476 2210
40 3517 600
18 2872 92
42 1795 1082
36 -1147 1530
31 2183 1010
17 3427 -38
23 3760 81
24 5556 -430
27 6129 -457
25 6222 -397
12 6147 -338
10 5814 -236
26 6037 -398
9 6242 -872
32 3482 109
15 3672 3319
30 888 5684
13 741 5387
38 539 5148
5 -128 5547
22 1192 8642
1 -6694 5893
3 -6806 6056
21 -4234 1309
14 2052 1544
11 2516 1115
6 1591 1126
19 2548 2155
***世代 500 適応度 max -93554.0 (91) mean -96929.42 時間 16:51:54.195118
7 10352 2485
41 10284 -3035
20 10138 -3362
35 4240 172
29 1945 504
34 -999 1590
37 -1205 2273
39 -6041 4304
2 -6565 5834
0 -6621 6012
4 -6658 6057
8 -4937 5677
16 -2262 2729
28 715 2771
36 -1147 1530
33 1476 2210
42 1795 1082
31 2183 1010
40 3517 600
18 2872 92
17 3427 -38
23 3760 81
24 5556 -430
27 6129 -457
12 6147 -338
25 6222 -397
26 6037 -398
9 6242 -872
10 5814 -236
32 3482 109
15 3672 3319
30 888 5684
13 741 5387
38 539 5148
5 -128 5547
22 1192 8642
1 -6694 5893
3 -6806 6056
21 -4234 1309
14 2052 1544
11 2516 1115
6 1591 1126
19 2548 2155
***世代 550 適応度 max -92875.0 (97) mean -95185.24 時間 16:51:58.849093
7 10352 2485
41 10284 -3035
20 10138 -3362
35 4240 172
29 1945 504
34 -999 1590
37 -1205 2273
39 -6041 4304
2 -6565 5834
0 -6621 6012
4 -6658 6057
8 -4937 5677
16 -2262 2729
28 715 2771
36 -1147 1530
33 1476 2210
42 1795 1082
31 2183 1010
32 3482 109
18 2872 92
17 3427 -38
23 3760 81
24 5556 -430
26 6037 -398
12 6147 -338
25 6222 -397
27 6129 -457
9 6242 -872
10 5814 -236
40 3517 600
15 3672 3319
30 888 5684
13 741 5387
38 539 5148
5 -128 5547
22 1192 8642
1 -6694 5893
3 -6806 6056
21 -4234 1309
14 2052 1544
11 2516 1115
6 1591 1126
19 2548 2155
***世代 600 適応度 max -87816.0 (16) mean -118576.68 時間 16:52:03.847579
7 10352 2485
41 10284 -3035
20 10138 -3362
35 4240 172
29 1945 504
34 -999 1590
37 -1205 2273
39 -6041 4304
4 -6658 6057
0 -6621 6012
2 -6565 5834
8 -4937 5677
16 -2262 2729
28 715 2771
36 -1147 1530
21 -4234 1309
3 -6806 6056
1 -6694 5893
22 1192 8642
5 -128 5547
38 539 5148
13 741 5387
30 888 5684
19 2548 2155
32 3482 109
40 3517 600
12 6147 -338
25 6222 -397
27 6129 -457
9 6242 -872
26 6037 -398
10 5814 -236
24 5556 -430
23 3760 81
17 3427 -38
18 2872 92
31 2183 1010
42 1795 1082
33 1476 2210
14 2052 1544
11 2516 1115
6 1591 1126
15 3672 3319
***世代 650 適応度 max -87816.0 (16) mean -141561.14 時間 16:52:09.056390
7 10352 2485
41 10284 -3035
20 10138 -3362
35 4240 172
29 1945 504
34 -999 1590
37 -1205 2273
39 -6041 4304
4 -6658 6057
0 -6621 6012
2 -6565 5834
8 -4937 5677
16 -2262 2729
28 715 2771
36 -1147 1530
21 -4234 1309
3 -6806 6056
1 -6694 5893
22 1192 8642
5 -128 5547
38 539 5148
13 741 5387
30 888 5684
19 2548 2155
32 3482 109
40 3517 600
12 6147 -338
25 6222 -397
27 6129 -457
9 6242 -872
26 6037 -398
10 5814 -236
24 5556 -430
23 3760 81
17 3427 -38
18 2872 92
31 2183 1010
42 1795 1082
33 1476 2210
14 2052 1544
11 2516 1115
6 1591 1126
15 3672 3319
***世代 700 適応度 max -87195.0 (22) mean -88641.17 時間 16:52:15.204285
7 10352 2485
41 10284 -3035
20 10138 -3362
35 4240 172
29 1945 504
34 -999 1590
37 -1205 2273
39 -6041 4304
4 -6658 6057
0 -6621 6012
2 -6565 5834
8 -4937 5677
16 -2262 2729
28 715 2771
36 -1147 1530
21 -4234 1309
3 -6806 6056
1 -6694 5893
22 1192 8642
5 -128 5547
38 539 5148
13 741 5387
30 888 5684
19 2548 2155
40 3517 600
32 3482 109
10 5814 -236
12 6147 -338
25 6222 -397
27 6129 -457
9 6242 -872
26 6037 -398
24 5556 -430
23 3760 81
17 3427 -38
18 2872 92
31 2183 1010
42 1795 1082
33 1476 2210
14 2052 1544
11 2516 1115
6 1591 1126
15 3672 3319
***世代 750 適応度 max -84814.0 (82) mean -90736.49 時間 16:52:21.618412
7 10352 2485
41 10284 -3035
20 10138 -3362
35 4240 172
29 1945 504
28 715 2771
37 -1205 2273
8 -4937 5677
2 -6565 5834
0 -6621 6012
4 -6658 6057
39 -6041 4304
16 -2262 2729
34 -999 1590
36 -1147 1530
21 -4234 1309
3 -6806 6056
1 -6694 5893
22 1192 8642
5 -128 5547
38 539 5148
13 741 5387
30 888 5684
19 2548 2155
40 3517 600
32 3482 109
26 6037 -398
10 5814 -236
12 6147 -338
25 6222 -397
27 6129 -457
9 6242 -872
24 5556 -430
23 3760 81
17 3427 -38
18 2872 92
31 2183 1010
42 1795 1082
33 1476 2210
14 2052 1544
11 2516 1115
6 1591 1126
15 3672 3319
***世代 800 適応度 max -84293.0 (5) mean -87754.69 時間 16:52:25.892515
7 10352 2485
41 10284 -3035
20 10138 -3362
35 4240 172
29 1945 504
28 715 2771
39 -6041 4304
2 -6565 5834
0 -6621 6012
4 -6658 6057
8 -4937 5677
16 -2262 2729
37 -1205 2273
34 -999 1590
36 -1147 1530
21 -4234 1309
3 -6806 6056
1 -6694 5893
22 1192 8642
5 -128 5547
38 539 5148
13 741 5387
30 888 5684
19 2548 2155
40 3517 600
32 3482 109
10 5814 -236
26 6037 -398
12 6147 -338
25 6222 -397
9 6242 -872
27 6129 -457
24 5556 -430
23 3760 81
17 3427 -38
18 2872 92
31 2183 1010
42 1795 1082
33 1476 2210
14 2052 1544
11 2516 1115
6 1591 1126
15 3672 3319
***世代 850 適応度 max -83927.0 (2) mean -88674.44 時間 16:52:29.937840
7 10352 2485
41 10284 -3035
20 10138 -3362
35 4240 172
29 1945 504
28 715 2771
16 -2262 2729
39 -6041 4304
0 -6621 6012
4 -6658 6057
2 -6565 5834
8 -4937 5677
37 -1205 2273
34 -999 1590
36 -1147 1530
21 -4234 1309
3 -6806 6056
1 -6694 5893
22 1192 8642
5 -128 5547
38 539 5148
13 741 5387
30 888 5684
19 2548 2155
40 3517 600
32 3482 109
10 5814 -236
26 6037 -398
12 6147 -338
25 6222 -397
9 6242 -872
27 6129 -457
24 5556 -430
23 3760 81
17 3427 -38
18 2872 92
31 2183 1010
42 1795 1082
33 1476 2210
14 2052 1544
6 1591 1126
11 2516 1115
15 3672 3319
***世代 900 適応度 max -82644.0 (95) mean -90570.31 時間 16:52:35.113678
7 10352 2485
41 10284 -3035
20 10138 -3362
35 4240 172
29 1945 504
28 715 2771
8 -4937 5677
0 -6621 6012
4 -6658 6057
2 -6565 5834
16 -2262 2729
37 -1205 2273
34 -999 1590
36 -1147 1530
21 -4234 1309
39 -6041 4304
1 -6694 5893
3 -6806 6056
22 1192 8642
5 -128 5547
38 539 5148
13 741 5387
30 888 5684
19 2548 2155
40 3517 600
32 3482 109
10 5814 -236
26 6037 -398
12 6147 -338
25 6222 -397
27 6129 -457
9 6242 -872
24 5556 -430
23 3760 81
17 3427 -38
18 2872 92
31 2183 1010
42 1795 1082
33 1476 2210
14 2052 1544
6 1591 1126
11 2516 1115
15 3672 3319
***世代 950 適応度 max -75795.0 (4) mean -82146.84 時間 16:52:39.420165
7 10352 2485
41 10284 -3035
20 10138 -3362
35 4240 172
29 1945 504
28 715 2771
8 -4937 5677
2 -6565 5834
4 -6658 6057
3 -6806 6056
0 -6621 6012
1 -6694 5893
39 -6041 4304
21 -4234 1309
16 -2262 2729
34 -999 1590
36 -1147 1530
37 -1205 2273
22 1192 8642
5 -128 5547
38 539 5148
13 741 5387
30 888 5684
19 2548 2155
40 3517 600
32 3482 109
10 5814 -236
26 6037 -398
12 6147 -338
25 6222 -397
27 6129 -457
9 6242 -872
24 5556 -430
23 3760 81
17 3427 -38
18 2872 92
31 2183 1010
42 1795 1082
33 1476 2210
14 2052 1544
6 1591 1126
11 2516 1115
15 3672 3319
***世代 1000 適応度 max -74267.0 (59) mean -130654.5 時間 16:52:43.480523
7 10352 2485
41 10284 -3035
20 10138 -3362
35 4240 172
29 1945 504
42 1795 1082
31 2183 1010
18 2872 92
17 3427 -38
23 3760 81
24 5556 -430
26 6037 -398
10 5814 -236
12 6147 -338
25 6222 -397
27 6129 -457
9 6242 -872
32 3482 109
40 3517 600
19 2548 2155
30 888 5684
13 741 5387
38 539 5148
5 -128 5547
22 1192 8642
16 -2262 2729
37 -1205 2273
34 -999 1590
36 -1147 1530
21 -4234 1309
39 -6041 4304
0 -6621 6012
1 -6694 5893
3 -6806 6056
4 -6658 6057
2 -6565 5834
8 -4937 5677
28 715 2771
33 1476 2210
14 2052 1544
6 1591 1126
11 2516 1115
15 3672 3319
***世代 1050 適応度 max -74267.0 (59) mean -130001.7 時間 16:52:47.446670
7 10352 2485
41 10284 -3035
20 10138 -3362
35 4240 172
29 1945 504
42 1795 1082
31 2183 1010
18 2872 92
17 3427 -38
23 3760 81
24 5556 -430
26 6037 -398
10 5814 -236
12 6147 -338
25 6222 -397
27 6129 -457
9 6242 -872
32 3482 109
40 3517 600
19 2548 2155
30 888 5684
13 741 5387
38 539 5148
5 -128 5547
22 1192 8642
16 -2262 2729
37 -1205 2273
34 -999 1590
36 -1147 1530
21 -4234 1309
39 -6041 4304
0 -6621 6012
1 -6694 5893
3 -6806 6056
4 -6658 6057
2 -6565 5834
8 -4937 5677
28 715 2771
33 1476 2210
14 2052 1544
6 1591 1126
11 2516 1115
15 3672 3319
***世代 1100 適応度 max -74267.0 (59) mean -132034.17 時間 16:52:51.543209
7 10352 2485
41 10284 -3035
20 10138 -3362
35 4240 172
29 1945 504
42 1795 1082
31 2183 1010
18 2872 92
17 3427 -38
23 3760 81
24 5556 -430
26 6037 -398
10 5814 -236
12 6147 -338
25 6222 -397
27 6129 -457
9 6242 -872
32 3482 109
40 3517 600
19 2548 2155
30 888 5684
13 741 5387
38 539 5148
5 -128 5547
22 1192 8642
16 -2262 2729
37 -1205 2273
34 -999 1590
36 -1147 1530
21 -4234 1309
39 -6041 4304
0 -6621 6012
1 -6694 5893
3 -6806 6056
4 -6658 6057
2 -6565 5834
8 -4937 5677
28 715 2771
33 1476 2210
14 2052 1544
6 1591 1126
11 2516 1115
15 3672 3319
***世代 1150 適応度 max -74267.0 (59) mean -126027.87 時間 16:52:55.499973
7 10352 2485
41 10284 -3035
20 10138 -3362
35 4240 172
29 1945 504
42 1795 1082
31 2183 1010
18 2872 92
17 3427 -38
23 3760 81
24 5556 -430
26 6037 -398
10 5814 -236
12 6147 -338
25 6222 -397
27 6129 -457
9 6242 -872
32 3482 109
40 3517 600
19 2548 2155
30 888 5684
13 741 5387
38 539 5148
5 -128 5547
22 1192 8642
16 -2262 2729
37 -1205 2273
34 -999 1590
36 -1147 1530
21 -4234 1309
39 -6041 4304
0 -6621 6012
1 -6694 5893
3 -6806 6056
4 -6658 6057
2 -6565 5834
8 -4937 5677
28 715 2771
33 1476 2210
14 2052 1544
6 1591 1126
11 2516 1115
15 3672 3319
***世代 1200 適応度 max -74267.0 (59) mean -161049.8 時間 16:52:59.377087
7 10352 2485
41 10284 -3035
20 10138 -3362
35 4240 172
29 1945 504
42 1795 1082
31 2183 1010
18 2872 92
17 3427 -38
23 3760 81
24 5556 -430
26 6037 -398
10 5814 -236
12 6147 -338
25 6222 -397
27 6129 -457
9 6242 -872
32 3482 109
40 3517 600
19 2548 2155
30 888 5684
13 741 5387
38 539 5148
5 -128 5547
22 1192 8642
16 -2262 2729
37 -1205 2273
34 -999 1590
36 -1147 1530
21 -4234 1309
39 -6041 4304
0 -6621 6012
1 -6694 5893
3 -6806 6056
4 -6658 6057
2 -6565 5834
8 -4937 5677
28 715 2771
33 1476 2210
14 2052 1544
6 1591 1126
11 2516 1115
15 3672 3319
***世代 1250 適応度 max -74267.0 (59) mean -119278.9 時間 16:53:03.306711
7 10352 2485
41 10284 -3035
20 10138 -3362
35 4240 172
29 1945 504
42 1795 1082
31 2183 1010
18 2872 92
17 3427 -38
23 3760 81
24 5556 -430
26 6037 -398
10 5814 -236
12 6147 -338
25 6222 -397
27 6129 -457
9 6242 -872
32 3482 109
40 3517 600
19 2548 2155
30 888 5684
13 741 5387
38 539 5148
5 -128 5547
22 1192 8642
16 -2262 2729
37 -1205 2273
34 -999 1590
36 -1147 1530
21 -4234 1309
39 -6041 4304
0 -6621 6012
1 -6694 5893
3 -6806 6056
4 -6658 6057
2 -6565 5834
8 -4937 5677
28 715 2771
33 1476 2210
14 2052 1544
6 1591 1126
11 2516 1115
15 3672 3319
***世代 1300 適応度 max -74267.0 (59) mean -100848.46 時間 16:53:07.248021
7 10352 2485
41 10284 -3035
20 10138 -3362
35 4240 172
29 1945 504
42 1795 1082
31 2183 1010
18 2872 92
17 3427 -38
23 3760 81
24 5556 -430
26 6037 -398
10 5814 -236
12 6147 -338
25 6222 -397
27 6129 -457
9 6242 -872
32 3482 109
40 3517 600
19 2548 2155
30 888 5684
13 741 5387
38 539 5148
5 -128 5547
22 1192 8642
16 -2262 2729
37 -1205 2273
34 -999 1590
36 -1147 1530
21 -4234 1309
39 -6041 4304
0 -6621 6012
1 -6694 5893
3 -6806 6056
4 -6658 6057
2 -6565 5834
8 -4937 5677
28 715 2771
33 1476 2210
14 2052 1544
6 1591 1126
11 2516 1115
15 3672 3319
***世代 1350 適応度 max -73998.0 (58) mean -79542.62 時間 16:53:11.570191
7 10352 2485
41 10284 -3035
20 10138 -3362
35 4240 172
29 1945 504
42 1795 1082
31 2183 1010
18 2872 92
17 3427 -38
23 3760 81
24 5556 -430
10 5814 -236
12 6147 -338
25 6222 -397
26 6037 -398
27 6129 -457
9 6242 -872
32 3482 109
40 3517 600
19 2548 2155
38 539 5148
13 741 5387
30 888 5684
5 -128 5547
22 1192 8642
16 -2262 2729
37 -1205 2273
34 -999 1590
36 -1147 1530
21 -4234 1309
39 -6041 4304
1 -6694 5893
2 -6565 5834
3 -6806 6056
0 -6621 6012
4 -6658 6057
8 -4937 5677
28 715 2771
33 1476 2210
14 2052 1544
6 1591 1126
11 2516 1115
15 3672 3319
***世代 1400 適応度 max -70844.0 (31) mean -80798.08 時間 16:53:16.192329
7 10352 2485
41 10284 -3035
20 10138 -3362
35 4240 172
29 1945 504
42 1795 1082
31 2183 1010
18 2872 92
17 3427 -38
23 3760 81
24 5556 -430
10 5814 -236
25 6222 -397
12 6147 -338
26 6037 -398
27 6129 -457
9 6242 -872
32 3482 109
40 3517 600
19 2548 2155
38 539 5148
13 741 5387
30 888 5684
5 -128 5547
22 1192 8642
8 -4937 5677
4 -6658 6057
2 -6565 5834
0 -6621 6012
3 -6806 6056
1 -6694 5893
39 -6041 4304
21 -4234 1309
36 -1147 1530
34 -999 1590
37 -1205 2273
16 -2262 2729
28 715 2771
33 1476 2210
6 1591 1126
11 2516 1115
14 2052 1544
15 3672 3319
***世代 1450 適応度 max -70683.0 (58) mean -77974.27 時間 16:53:21.145332
7 10352 2485
41 10284 -3035
20 10138 -3362
35 4240 172
29 1945 504
42 1795 1082
31 2183 1010
18 2872 92
17 3427 -38
23 3760 81
24 5556 -430
10 5814 -236
26 6037 -398
12 6147 -338
25 6222 -397
27 6129 -457
9 6242 -872
32 3482 109
40 3517 600
19 2548 2155
38 539 5148
13 741 5387
30 888 5684
5 -128 5547
22 1192 8642
8 -4937 5677
4 -6658 6057
2 -6565 5834
0 -6621 6012
3 -6806 6056
1 -6694 5893
39 -6041 4304
21 -4234 1309
36 -1147 1530
34 -999 1590
37 -1205 2273
16 -2262 2729
28 715 2771
33 1476 2210
6 1591 1126
11 2516 1115
14 2052 1544
15 3672 3319
***世代 1500 適応度 max -70550.0 (43) mean -78276.01 時間 16:53:25.466666
7 10352 2485
41 10284 -3035
20 10138 -3362
35 4240 172
29 1945 504
42 1795 1082
31 2183 1010
18 2872 92
17 3427 -38
23 3760 81
24 5556 -430
10 5814 -236
26 6037 -398
12 6147 -338
25 6222 -397
27 6129 -457
9 6242 -872
32 3482 109
40 3517 600
19 2548 2155
38 539 5148
13 741 5387
30 888 5684
5 -128 5547
22 1192 8642
8 -4937 5677
4 -6658 6057
2 -6565 5834
0 -6621 6012
3 -6806 6056
1 -6694 5893
39 -6041 4304
21 -4234 1309
36 -1147 1530
34 -999 1590
37 -1205 2273
16 -2262 2729
28 715 2771
33 1476 2210
14 2052 1544
6 1591 1126
11 2516 1115
15 3672 3319
***世代 1550 適応度 max -70533.0 (2) mean -88262.55 時間 16:53:32.193905
7 10352 2485
41 10284 -3035
20 10138 -3362
23 3760 81
29 1945 504
42 1795 1082
31 2183 1010
18 2872 92
17 3427 -38
35 4240 172
24 5556 -430
10 5814 -236
26 6037 -398
12 6147 -338
25 6222 -397
27 6129 -457
9 6242 -872
32 3482 109
40 3517 600
19 2548 2155
38 539 5148
13 741 5387
30 888 5684
5 -128 5547
22 1192 8642
8 -4937 5677
4 -6658 6057
2 -6565 5834
0 -6621 6012
3 -6806 6056
1 -6694 5893
39 -6041 4304
21 -4234 1309
36 -1147 1530
34 -999 1590
37 -1205 2273
16 -2262 2729
28 715 2771
33 1476 2210
14 2052 1544
6 1591 1126
11 2516 1115
15 3672 3319
***世代 1600 適応度 max -70339.0 (1) mean -90468.91 時間 16:53:36.680021
7 10352 2485
41 10284 -3035
20 10138 -3362
23 3760 81
29 1945 504
42 1795 1082
31 2183 1010
18 2872 92
17 3427 -38
35 4240 172
24 5556 -430
10 5814 -236
26 6037 -398
12 6147 -338
25 6222 -397
27 6129 -457
9 6242 -872
32 3482 109
40 3517 600
19 2548 2155
38 539 5148
13 741 5387
30 888 5684
5 -128 5547
22 1192 8642
8 -4937 5677
4 -6658 6057
0 -6621 6012
1 -6694 5893
3 -6806 6056
2 -6565 5834
39 -6041 4304
21 -4234 1309
36 -1147 1530
34 -999 1590
37 -1205 2273
16 -2262 2729
28 715 2771
33 1476 2210
14 2052 1544
6 1591 1126
11 2516 1115
15 3672 3319
***世代 1650 適応度 max -68503.0 (91) mean -69522.02 時間 16:53:41.293708
7 10352 2485
41 10284 -3035
20 10138 -3362
23 3760 81
29 1945 504
42 1795 1082
31 2183 1010
18 2872 92
17 3427 -38
35 4240 172
24 5556 -430
10 5814 -236
26 6037 -398
12 6147 -338
25 6222 -397
27 6129 -457
9 6242 -872
32 3482 109
40 3517 600
19 2548 2155
38 539 5148
13 741 5387
30 888 5684
5 -128 5547
22 1192 8642
8 -4937 5677
0 -6621 6012
4 -6658 6057
3 -6806 6056
1 -6694 5893
2 -6565 5834
39 -6041 4304
21 -4234 1309
16 -2262 2729
37 -1205 2273
36 -1147 1530
34 -999 1590
28 715 2771
33 1476 2210
6 1591 1126
14 2052 1544
11 2516 1115
15 3672 3319
***世代 1700 適応度 max -68449.0 (16) mean -70026.92 時間 16:53:45.437916
7 10352 2485
41 10284 -3035
20 10138 -3362
35 4240 172
23 3760 81
29 1945 504
42 1795 1082
31 2183 1010
18 2872 92
17 3427 -38
24 5556 -430
10 5814 -236
26 6037 -398
12 6147 -338
25 6222 -397
27 6129 -457
9 6242 -872
32 3482 109
40 3517 600
19 2548 2155
38 539 5148
13 741 5387
30 888 5684
22 1192 8642
5 -128 5547
8 -4937 5677
0 -6621 6012
4 -6658 6057
3 -6806 6056
1 -6694 5893
2 -6565 5834
39 -6041 4304
21 -4234 1309
16 -2262 2729
37 -1205 2273
36 -1147 1530
34 -999 1590
28 715 2771
33 1476 2210
6 1591 1126
14 2052 1544
11 2516 1115
15 3672 3319
***世代 1750 適応度 max -68195.0 (58) mean -69854.73 時間 16:53:49.299086
7 10352 2485
41 10284 -3035
20 10138 -3362
35 4240 172
23 3760 81
31 2183 1010
42 1795 1082
29 1945 504
18 2872 92
17 3427 -38
32 3482 109
9 6242 -872
27 6129 -457
26 6037 -398
25 6222 -397
12 6147 -338
10 5814 -236
24 5556 -430
40 3517 600
19 2548 2155
38 539 5148
13 741 5387
30 888 5684
22 1192 8642
5 -128 5547
8 -4937 5677
0 -6621 6012
4 -6658 6057
3 -6806 6056
1 -6694 5893
2 -6565 5834
39 -6041 4304
21 -4234 1309
16 -2262 2729
37 -1205 2273
36 -1147 1530
34 -999 1590
28 715 2771
33 1476 2210
6 1591 1126
14 2052 1544
11 2516 1115
15 3672 3319
***世代 1800 適応度 max -67986.0 (14) mean -72982.82 時間 16:53:53.037582
7 10352 2485
41 10284 -3035
20 10138 -3362
35 4240 172
23 3760 81
31 2183 1010
42 1795 1082
29 1945 504
18 2872 92
17 3427 -38
32 3482 109
10 5814 -236
26 6037 -398
12 6147 -338
25 6222 -397
27 6129 -457
9 6242 -872
24 5556 -430
40 3517 600
19 2548 2155
38 539 5148
13 741 5387
30 888 5684
22 1192 8642
5 -128 5547
8 -4937 5677
0 -6621 6012
4 -6658 6057
3 -6806 6056
1 -6694 5893
2 -6565 5834
39 -6041 4304
21 -4234 1309
16 -2262 2729
37 -1205 2273
36 -1147 1530
34 -999 1590
28 715 2771
33 1476 2210
6 1591 1126
14 2052 1544
11 2516 1115
15 3672 3319
***世代 1850 適応度 max -66704.0 (43) mean -76794.01 時間 16:53:56.790526
7 10352 2485
41 10284 -3035
20 10138 -3362
9 6242 -872
27 6129 -457
25 6222 -397
12 6147 -338
26 6037 -398
10 5814 -236
32 3482 109
17 3427 -38
18 2872 92
31 2183 1010
42 1795 1082
29 1945 504
23 3760 81
35 4240 172
24 5556 -430
40 3517 600
19 2548 2155
38 539 5148
13 741 5387
30 888 5684
22 1192 8642
5 -128 5547
8 -4937 5677
4 -6658 6057
0 -6621 6012
3 -6806 6056
1 -6694 5893
2 -6565 5834
39 -6041 4304
21 -4234 1309
16 -2262 2729
37 -1205 2273
36 -1147 1530
34 -999 1590
28 715 2771
33 1476 2210
14 2052 1544
6 1591 1126
11 2516 1115
15 3672 3319
***世代 1900 適応度 max -66533.0 (33) mean -78018.97 時間 16:54:00.523215
7 10352 2485
41 10284 -3035
20 10138 -3362
9 6242 -872
27 6129 -457
25 6222 -397
12 6147 -338
26 6037 -398
10 5814 -236
32 3482 109
17 3427 -38
18 2872 92
31 2183 1010
42 1795 1082
29 1945 504
23 3760 81
35 4240 172
24 5556 -430
40 3517 600
19 2548 2155
38 539 5148
13 741 5387
30 888 5684
22 1192 8642
5 -128 5547
8 -4937 5677
0 -6621 6012
4 -6658 6057
3 -6806 6056
1 -6694 5893
2 -6565 5834
39 -6041 4304
21 -4234 1309
16 -2262 2729
37 -1205 2273
36 -1147 1530
34 -999 1590
28 715 2771
33 1476 2210
6 1591 1126
14 2052 1544
11 2516 1115
15 3672 3319
***世代 1950 適応度 max -66533.0 (9) mean -76389.81 時間 16:54:04.235755
7 10352 2485
41 10284 -3035
20 10138 -3362
9 6242 -872
27 6129 -457
25 6222 -397
12 6147 -338
26 6037 -398
10 5814 -236
32 3482 109
17 3427 -38
18 2872 92
31 2183 1010
42 1795 1082
29 1945 504
23 3760 81
35 4240 172
24 5556 -430
40 3517 600
19 2548 2155
38 539 5148
13 741 5387
30 888 5684
22 1192 8642
5 -128 5547
8 -4937 5677
0 -6621 6012
4 -6658 6057
3 -6806 6056
1 -6694 5893
2 -6565 5834
39 -6041 4304
21 -4234 1309
16 -2262 2729
37 -1205 2273
36 -1147 1530
34 -999 1590
28 715 2771
33 1476 2210
6 1591 1126
14 2052 1544
11 2516 1115
15 3672 3319
***世代 2000 適応度 max -66454.0 (22) mean -72368.47 時間 16:54:08.082012
7 10352 2485
41 10284 -3035
20 10138 -3362
9 6242 -872
25 6222 -397
12 6147 -338
27 6129 -457
26 6037 -398
10 5814 -236
17 3427 -38
18 2872 92
31 2183 1010
42 1795 1082
29 1945 504
32 3482 109
23 3760 81
35 4240 172
24 5556 -430
40 3517 600
19 2548 2155
38 539 5148
13 741 5387
30 888 5684
22 1192 8642
5 -128 5547
8 -4937 5677
0 -6621 6012
4 -6658 6057
3 -6806 6056
1 -6694 5893
2 -6565 5834
39 -6041 4304
21 -4234 1309
16 -2262 2729
37 -1205 2273
36 -1147 1530
34 -999 1590
28 715 2771
33 1476 2210
6 1591 1126
14 2052 1544
11 2516 1115
15 3672 3319
***世代 1999 適応度 max -66454.0 (22) mean -72368.47 時間 16:54:08.089942
7 10352 2485
41 10284 -3035
20 10138 -3362
9 6242 -872
25 6222 -397
12 6147 -338
27 6129 -457
26 6037 -398
10 5814 -236
17 3427 -38
18 2872 92
31 2183 1010
42 1795 1082
29 1945 504
32 3482 109
23 3760 81
35 4240 172
24 5556 -430
40 3517 600
19 2548 2155
38 539 5148
13 741 5387
30 888 5684
22 1192 8642
5 -128 5547
8 -4937 5677
0 -6621 6012
4 -6658 6057
3 -6806 6056
1 -6694 5893
2 -6565 5834
39 -6041 4304
21 -4234 1309
16 -2262 2729
37 -1205 2273
36 -1147 1530
34 -999 1590
28 715 2771
33 1476 2210
6 1591 1126
14 2052 1544
11 2516 1115
15 3672 3319
