***世代 1 適応度 max -97531.0 (27) mean -135199.88 時間 16:56:39.589308
17 5277 -75
13 2108 1381
0 5444 -222
14 2978 1206
20 3036 687
3 4035 468
24 2649 299
4 6018 -457
15 744 4703
25 -448 2499
7 58 5206
10 6574 -529
23 2239 1040
22 1052 1852
21 -35 5621
2 10138 -3259
19 5984 -1096
8 10210 -2991
6 10211 -3050
5 10045 -3140
11 6332 -174
1 4610 189
18 3297 168
12 10304 -3198
9 10248 -3080
16 4322 2579
***世代 50 適応度 max -66184.0 (5) mean -90436.1 時間 16:56:42.883787
6 10211 -3050
24 2649 299
20 3036 687
7 58 5206
23 2239 1040
19 5984 -1096
5 10045 -3140
8 10210 -2991
17 5277 -75
16 4322 2579
14 2978 1206
21 -35 5621
15 744 4703
22 1052 1852
25 -448 2499
13 2108 1381
1 4610 189
18 3297 168
3 4035 468
0 5444 -222
10 6574 -529
4 6018 -457
11 6332 -174
2 10138 -3259
12 10304 -3198
9 10248 -3080
***世代 100 適応度 max -45946.0 (70) mean -63633.86 時間 16:56:46.348116
5 10045 -3140
1 4610 189
20 3036 687
25 -448 2499
15 744 4703
7 58 5206
21 -35 5621
16 4322 2579
14 2978 1206
23 2239 1040
22 1052 1852
13 2108 1381
17 5277 -75
11 6332 -174
19 5984 -1096
24 2649 299
18 3297 168
3 4035 468
0 5444 -222
10 6574 -529
4 6018 -457
8 10210 -2991
2 10138 -3259
12 10304 -3198
9 10248 -3080
6 10211 -3050
***世代 150 適応度 max -42706.0 (81) mean -52216.11 時間 16:56:50.445298
5 10045 -3140
24 2649 299
14 2978 1206
20 3036 687
23 2239 1040
13 2108 1381
25 -448 2499
15 744 4703
21 -35 5621
7 58 5206
22 1052 1852
16 4322 2579
19 5984 -1096
11 6332 -174
0 5444 -222
18 3297 168
3 4035 468
1 4610 189
17 5277 -75
10 6574 -529
4 6018 -457
8 10210 -2991
12 10304 -3198
9 10248 -3080
2 10138 -3259
6 10211 -3050
***世代 200 適応度 max -35012.0 (72) mean -51407.44 時間 16:56:54.311955
5 10045 -3140
11 6332 -174
0 5444 -222
19 5984 -1096
16 4322 2579
15 744 4703
21 -35 5621
7 58 5206
25 -448 2499
22 1052 1852
23 2239 1040
13 2108 1381
14 2978 1206
20 3036 687
24 2649 299
18 3297 168
3 4035 468
1 4610 189
17 5277 -75
10 6574 -529
4 6018 -457
8 10210 -2991
6 10211 -3050
12 10304 -3198
9 10248 -3080
2 10138 -3259
***世代 250 適応度 max -35012.0 (1) mean -50596.32 時間 16:56:57.540385
5 10045 -3140
11 6332 -174
0 5444 -222
19 5984 -1096
16 4322 2579
15 744 4703
21 -35 5621
7 58 5206
25 -448 2499
22 1052 1852
23 2239 1040
13 2108 1381
14 2978 1206
20 3036 687
24 2649 299
18 3297 168
3 4035 468
1 4610 189
17 5277 -75
10 6574 -529
4 6018 -457
8 10210 -2991
6 10211 -3050
12 10304 -3198
9 10248 -3080
2 10138 -3259
***世代 300 適応度 max -33652.0 (86) mean -35842.27 時間 16:57:01.292111
5 10045 -3140
19 5984 -1096
0 5444 -222
11 6332 -174
16 4322 2579
15 744 4703
7 58 5206
21 -35 5621
25 -448 2499
22 1052 1852
13 2108 1381
23 2239 1040
14 2978 1206
20 3036 687
24 2649 299
18 3297 168
3 4035 468
1 4610 189
17 5277 -75
10 6574 -529
4 6018 -457
8 10210 -2991
6 10211 -3050
9 10248 -3080
12 10304 -3198
2 10138 -3259
***世代 350 適応度 max -32563.0 (9) mean -33270.04 時間 16:57:05.125937
5 10045 -3140
19 5984 -1096
0 5444 -222
11 6332 -174
16 4322 2579
15 744 4703
21 -35 5621
7 58 5206
25 -448 2499
22 1052 1852
13 2108 1381
23 2239 1040
14 2978 1206
20 3036 687
24 2649 299
18 3297 168
3 4035 468
1 4610 189
17 5277 -75
4 6018 -457
10 6574 -529
8 10210 -2991
6 10211 -3050
9 10248 -3080
12 10304 -3198
2 10138 -3259
***世代 400 適応度 max -32563.0 (8) mean -38852.19 時間 16:57:09.224340
5 10045 -3140
19 5984 -1096
0 5444 -222
11 6332 -174
16 4322 2579
15 744 4703
21 -35 5621
7 58 5206
25 -448 2499
22 1052 1852
13 2108 1381
23 2239 1040
14 2978 1206
20 3036 687
24 2649 299
18 3297 168
3 4035 468
1 4610 189
17 5277 -75
4 6018 -457
10 6574 -529
8 10210 -2991
6 10211 -3050
9 10248 -3080
12 10304 -3198
2 10138 -3259
***世代 450 適応度 max -32563.0 (8) mean -33685.62 時間 16:57:13.126396
5 10045 -3140
19 5984 -1096
0 5444 -222
11 6332 -174
16 4322 2579
15 744 4703
21 -35 5621
7 58 5206
25 -448 2499
22 1052 1852
13 2108 1381
23 2239 1040
14 2978 1206
20 3036 687
24 2649 299
18 3297 168
3 4035 468
1 4610 189
17 5277 -75
4 6018 -457
10 6574 -529
8 10210 -2991
6 10211 -3050
9 10248 -3080
12 10304 -3198
2 10138 -3259
***世代 500 適応度 max -32563.0 (6) mean -33502.18 時間 16:57:17.343272
5 10045 -3140
19 5984 -1096
0 5444 -222
11 6332 -174
16 4322 2579
15 744 4703
21 -35 5621
7 58 5206
25 -448 2499
22 1052 1852
13 2108 1381
23 2239 1040
14 2978 1206
20 3036 687
24 2649 299
18 3297 168
3 4035 468
1 4610 189
17 5277 -75
4 6018 -457
10 6574 -529
8 10210 -2991
6 10211 -3050
9 10248 -3080
12 10304 -3198
2 10138 -3259
***世代 550 適応度 max -31736.0 (6) mean -36326.94 時間 16:57:21.862348
5 10045 -3140
19 5984 -1096
0 5444 -222
17 5277 -75
1 4610 189
3 4035 468
18 3297 168
24 2649 299
20 3036 687
14 2978 1206
23 2239 1040
13 2108 1381
22 1052 1852
25 -448 2499
7 58 5206
21 -35 5621
15 744 4703
16 4322 2579
11 6332 -174
4 6018 -457
10 6574 -529
2 10138 -3259
12 10304 -3198
6 10211 -3050
9 10248 -3080
8 10210 -2991
***世代 600 適応度 max -31736.0 (6) mean -35706.29 時間 16:57:25.800842
5 10045 -3140
19 5984 -1096
0 5444 -222
17 5277 -75
1 4610 189
3 4035 468
18 3297 168
24 2649 299
20 3036 687
14 2978 1206
23 2239 1040
13 2108 1381
22 1052 1852
25 -448 2499
7 58 5206
21 -35 5621
15 744 4703
16 4322 2579
11 6332 -174
4 6018 -457
10 6574 -529
2 10138 -3259
12 10304 -3198
6 10211 -3050
9 10248 -3080
8 10210 -2991
***世代 650 適応度 max -31736.0 (6) mean -38231.99 時間 16:57:29.836567
5 10045 -3140
19 5984 -1096
0 5444 -222
17 5277 -75
1 4610 189
3 4035 468
18 3297 168
24 2649 299
20 3036 687
14 2978 1206
23 2239 1040
13 2108 1381
22 1052 1852
25 -448 2499
7 58 5206
21 -35 5621
15 744 4703
16 4322 2579
11 6332 -174
4 6018 -457
10 6574 -529
2 10138 -3259
12 10304 -3198
6 10211 -3050
9 10248 -3080
8 10210 -2991
***世代 700 適応度 max -31736.0 (6) mean -40225.97 時間 16:57:34.172303
5 10045 -3140
19 5984 -1096
0 5444 -222
17 5277 -75
1 4610 189
3 4035 468
18 3297 168
24 2649 299
20 3036 687
14 2978 1206
23 2239 1040
13 2108 1381
22 1052 1852
25 -448 2499
7 58 5206
21 -35 5621
15 744 4703
16 4322 2579
11 6332 -174
4 6018 -457
10 6574 -529
2 10138 -3259
12 10304 -3198
6 10211 -3050
9 10248 -3080
8 10210 -2991
***世代 750 適応度 max -31736.0 (2) mean -49310.18 時間 16:57:38.037236
5 10045 -3140
19 5984 -1096
0 5444 -222
17 5277 -75
1 4610 189
3 4035 468
18 3297 168
24 2649 299
20 3036 687
14 2978 1206
23 2239 1040
13 2108 1381
22 1052 1852
25 -448 2499
7 58 5206
21 -35 5621
15 744 4703
16 4322 2579
11 6332 -174
4 6018 -457
10 6574 -529
2 10138 -3259
12 10304 -3198
6 10211 -3050
9 10248 -3080
8 10210 -2991
***世代 800 適応度 max -31736.0 (2) mean -34994.99 時間 16:57:41.871605
5 10045 -3140
19 5984 -1096
0 5444 -222
17 5277 -75
1 4610 189
3 4035 468
18 3297 168
24 2649 299
20 3036 687
14 2978 1206
23 2239 1040
13 2108 1381
22 1052 1852
25 -448 2499
7 58 5206
21 -35 5621
15 744 4703
16 4322 2579
11 6332 -174
4 6018 -457
10 6574 -529
2 10138 -3259
12 10304 -3198
6 10211 -3050
9 10248 -3080
8 10210 -2991
***世代 850 適応度 max -31736.0 (2) mean -36169.94 時間 16:57:45.634343
5 10045 -3140
19 5984 -1096
0 5444 -222
17 5277 -75
1 4610 189
3 4035 468
18 3297 168
24 2649 299
20 3036 687
14 2978 1206
23 2239 1040
13 2108 1381
22 1052 1852
25 -448 2499
7 58 5206
21 -35 5621
15 744 4703
16 4322 2579
11 6332 -174
4 6018 -457
10 6574 -529
2 10138 -3259
12 10304 -3198
6 10211 -3050
9 10248 -3080
8 10210 -2991
***世代 900 適応度 max -31674.0 (7) mean -34312.26 時間 16:57:49.444796
5 10045 -3140
19 5984 -1096
0 5444 -222
17 5277 -75
1 4610 189
3 4035 468
18 3297 168
24 2649 299
20 3036 687
14 2978 1206
23 2239 1040
13 2108 1381
22 1052 1852
25 -448 2499
7 58 5206
21 -35 5621
15 744 4703
16 4322 2579
4 6018 -457
11 6332 -174
10 6574 -529
2 10138 -3259
12 10304 -3198
6 10211 -3050
9 10248 -3080
8 10210 -2991
***世代 950 適応度 max -31674.0 (3) mean -33138.7 時間 16:57:53.128519
5 10045 -3140
19 5984 -1096
0 5444 -222
17 5277 -75
1 4610 189
3 4035 468
18 3297 168
24 2649 299
20 3036 687
14 2978 1206
23 2239 1040
13 2108 1381
22 1052 1852
25 -448 2499
7 58 5206
21 -35 5621
15 744 4703
16 4322 2579
4 6018 -457
11 6332 -174
10 6574 -529
2 10138 -3259
12 10304 -3198
6 10211 -3050
9 10248 -3080
8 10210 -2991
***世代 1000 適応度 max -31674.0 (3) mean -34915.74 時間 16:57:57.189185
5 10045 -3140
19 5984 -1096
0 5444 -222
17 5277 -75
1 4610 189
3 4035 468
18 3297 168
24 2649 299
20 3036 687
14 2978 1206
23 2239 1040
13 2108 1381
22 1052 1852
25 -448 2499
7 58 5206
21 -35 5621
15 744 4703
16 4322 2579
4 6018 -457
11 6332 -174
10 6574 -529
2 10138 -3259
12 10304 -3198
6 10211 -3050
9 10248 -3080
8 10210 -2991
***世代 1050 適応度 max -31674.0 (3) mean -32839.7 時間 16:58:01.284428
5 10045 -3140
19 5984 -1096
0 5444 -222
17 5277 -75
1 4610 189
3 4035 468
18 3297 168
24 2649 299
20 3036 687
14 2978 1206
23 2239 1040
13 2108 1381
22 1052 1852
25 -448 2499
7 58 5206
21 -35 5621
15 744 4703
16 4322 2579
4 6018 -457
11 6332 -174
10 6574 -529
2 10138 -3259
12 10304 -3198
6 10211 -3050
9 10248 -3080
8 10210 -2991
***世代 1100 適応度 max -31674.0 (3) mean -35002.64 時間 16:58:05.262140
5 10045 -3140
19 5984 -1096
0 5444 -222
17 5277 -75
1 4610 189
3 4035 468
18 3297 168
24 2649 299
20 3036 687
14 2978 1206
23 2239 1040
13 2108 1381
22 1052 1852
25 -448 2499
7 58 5206
21 -35 5621
15 744 4703
16 4322 2579
4 6018 -457
11 6332 -174
10 6574 -529
2 10138 -3259
12 10304 -3198
6 10211 -3050
9 10248 -3080
8 10210 -2991
***世代 1150 適応度 max -31674.0 (3) mean -33310.29 時間 16:58:08.855195
5 10045 -3140
19 5984 -1096
0 5444 -222
17 5277 -75
1 4610 189
3 4035 468
18 3297 168
24 2649 299
20 3036 687
14 2978 1206
23 2239 1040
13 2108 1381
22 1052 1852
25 -448 2499
7 58 5206
21 -35 5621
15 744 4703
16 4322 2579
4 6018 -457
11 6332 -174
10 6574 -529
2 10138 -3259
12 10304 -3198
6 10211 -3050
9 10248 -3080
8 10210 -2991
***世代 1200 適応度 max -31674.0 (3) mean -35131.72 時間 16:58:12.761138
5 10045 -3140
19 5984 -1096
0 5444 -222
17 5277 -75
1 4610 189
3 4035 468
18 3297 168
24 2649 299
20 3036 687
14 2978 1206
23 2239 1040
13 2108 1381
22 1052 1852
25 -448 2499
7 58 5206
21 -35 5621
15 744 4703
16 4322 2579
4 6018 -457
11 6332 -174
10 6574 -529
2 10138 -3259
12 10304 -3198
6 10211 -3050
9 10248 -3080
8 10210 -2991
***世代 1250 適応度 max -31674.0 (3) mean -33333.42 時間 16:58:16.712978
5 10045 -3140
19 5984 -1096
0 5444 -222
17 5277 -75
1 4610 189
3 4035 468
18 3297 168
24 2649 299
20 3036 687
14 2978 1206
23 2239 1040
13 2108 1381
22 1052 1852
25 -448 2499
7 58 5206
21 -35 5621
15 744 4703
16 4322 2579
4 6018 -457
11 6332 -174
10 6574 -529
2 10138 -3259
12 10304 -3198
6 10211 -3050
9 10248 -3080
8 10210 -2991
***世代 1300 適応度 max -31423.0 (32) mean -33528.92 時間 16:58:21.206014
5 10045 -3140
19 5984 -1096
0 5444 -222
17 5277 -75
1 4610 189
3 4035 468
18 3297 168
24 2649 299
20 3036 687
14 2978 1206
23 2239 1040
13 2108 1381
22 1052 1852
25 -448 2499
7 58 5206
21 -35 5621
15 744 4703
16 4322 2579
4 6018 -457
11 6332 -174
10 6574 -529
8 10210 -2991
6 10211 -3050
9 10248 -3080
12 10304 -3198
2 10138 -3259
***世代 1350 適応度 max -31423.0 (12) mean -33071.08 時間 16:58:25.613469
5 10045 -3140
19 5984 -1096
0 5444 -222
17 5277 -75
1 4610 189
3 4035 468
18 3297 168
24 2649 299
20 3036 687
14 2978 1206
23 2239 1040
13 2108 1381
22 1052 1852
25 -448 2499
7 58 5206
21 -35 5621
15 744 4703
16 4322 2579
4 6018 -457
11 6332 -174
10 6574 -529
8 10210 -2991
6 10211 -3050
9 10248 -3080
12 10304 -3198
2 10138 -3259
***世代 1400 適応度 max -31423.0 (1) mean -32337.48 時間 16:58:30.699003
5 10045 -3140
19 5984 -1096
0 5444 -222
17 5277 -75
1 4610 189
3 4035 468
18 3297 168
24 2649 299
20 3036 687
14 2978 1206
23 2239 1040
13 2108 1381
22 1052 1852
25 -448 2499
7 58 5206
21 -35 5621
15 744 4703
16 4322 2579
4 6018 -457
11 6332 -174
10 6574 -529
8 10210 -2991
6 10211 -3050
9 10248 -3080
12 10304 -3198
2 10138 -3259
***世代 1450 適応度 max -31423.0 (1) mean -32131.19 時間 16:58:35.855032
5 10045 -3140
19 5984 -1096
0 5444 -222
17 5277 -75
1 4610 189
3 4035 468
18 3297 168
24 2649 299
20 3036 687
14 2978 1206
23 2239 1040
13 2108 1381
22 1052 1852
25 -448 2499
7 58 5206
21 -35 5621
15 744 4703
16 4322 2579
4 6018 -457
11 6332 -174
10 6574 -529
8 10210 -2991
6 10211 -3050
9 10248 -3080
12 10304 -3198
2 10138 -3259
***世代 1500 適応度 max -31423.0 (1) mean -31879.42 時間 16:58:40.416530
5 10045 -3140
19 5984 -1096
0 5444 -222
17 5277 -75
1 4610 189
3 4035 468
18 3297 168
24 2649 299
20 3036 687
14 2978 1206
23 2239 1040
13 2108 1381
22 1052 1852
25 -448 2499
7 58 5206
21 -35 5621
15 744 4703
16 4322 2579
4 6018 -457
11 6332 -174
10 6574 -529
8 10210 -2991
6 10211 -3050
9 10248 -3080
12 10304 -3198
2 10138 -3259
***世代 1550 適応度 max -31423.0 (1) mean -32344.24 時間 16:58:45.285569
5 10045 -3140
19 5984 -1096
0 5444 -222
17 5277 -75
1 4610 189
3 4035 468
18 3297 168
24 2649 299
20 3036 687
14 2978 1206
23 2239 1040
13 2108 1381
22 1052 1852
25 -448 2499
7 58 5206
21 -35 5621
15 744 4703
16 4322 2579
4 6018 -457
11 6332 -174
10 6574 -529
8 10210 -2991
6 10211 -3050
9 10248 -3080
12 10304 -3198
2 10138 -3259
***世代 1600 適応度 max -31423.0 (1) mean -31860.15 時間 16:58:50.211616
5 10045 -3140
19 5984 -1096
0 5444 -222
17 5277 -75
1 4610 189
3 4035 468
18 3297 168
24 2649 299
20 3036 687
14 2978 1206
23 2239 1040
13 2108 1381
22 1052 1852
25 -448 2499
7 58 5206
21 -35 5621
15 744 4703
16 4322 2579
4 6018 -457
11 6332 -174
10 6574 -529
8 10210 -2991
6 10211 -3050
9 10248 -3080
12 10304 -3198
2 10138 -3259
***世代 1650 適応度 max -31423.0 (1) mean -33798.55 時間 16:58:55.005297
5 10045 -3140
19 5984 -1096
0 5444 -222
17 5277 -75
1 4610 189
3 4035 468
18 3297 168
24 2649 299
20 3036 687
14 2978 1206
23 2239 1040
13 2108 1381
22 1052 1852
25 -448 2499
7 58 5206
21 -35 5621
15 744 4703
16 4322 2579
4 6018 -457
11 6332 -174
10 6574 -529
8 10210 -2991
6 10211 -3050
9 10248 -3080
12 10304 -3198
2 10138 -3259
***世代 1700 適応度 max -31423.0 (1) mean -32775.39 時間 16:58:59.381812
5 10045 -3140
19 5984 -1096
0 5444 -222
17 5277 -75
1 4610 189
3 4035 468
18 3297 168
24 2649 299
20 3036 687
14 2978 1206
23 2239 1040
13 2108 1381
22 1052 1852
25 -448 2499
7 58 5206
21 -35 5621
15 744 4703
16 4322 2579
4 6018 -457
11 6332 -174
10 6574 -529
8 10210 -2991
6 10211 -3050
9 10248 -3080
12 10304 -3198
2 10138 -3259
***世代 1750 適応度 max -31423.0 (1) mean -31876.74 時間 16:59:03.930197
5 10045 -3140
19 5984 -1096
0 5444 -222
17 5277 -75
1 4610 189
3 4035 468
18 3297 168
24 2649 299
20 3036 687
14 2978 1206
23 2239 1040
13 2108 1381
22 1052 1852
25 -448 2499
7 58 5206
21 -35 5621
15 744 4703
16 4322 2579
4 6018 -457
11 6332 -174
10 6574 -529
8 10210 -2991
6 10211 -3050
9 10248 -3080
12 10304 -3198
2 10138 -3259
***世代 1800 適応度 max -31423.0 (1) mean -32806.12 時間 16:59:09.015560
5 10045 -3140
19 5984 -1096
0 5444 -222
17 5277 -75
1 4610 189
3 4035 468
18 3297 168
24 2649 299
20 3036 687
14 2978 1206
23 2239 1040
13 2108 1381
22 1052 1852
25 -448 2499
7 58 5206
21 -35 5621
15 744 4703
16 4322 2579
4 6018 -457
11 6332 -174
10 6574 -529
8 10210 -2991
6 10211 -3050
9 10248 -3080
12 10304 -3198
2 10138 -3259
***世代 1850 適応度 max -31423.0 (1) mean -32071.95 時間 16:59:13.758771
5 10045 -3140
19 5984 -1096
0 5444 -222
17 5277 -75
1 4610 189
3 4035 468
18 3297 168
24 2649 299
20 3036 687
14 2978 1206
23 2239 1040
13 2108 1381
22 1052 1852
25 -448 2499
7 58 5206
21 -35 5621
15 744 4703
16 4322 2579
4 6018 -457
11 6332 -174
10 6574 -529
8 10210 -2991
6 10211 -3050
9 10248 -3080
12 10304 -3198
2 10138 -3259
***世代 1900 適応度 max -31423.0 (1) mean -32784.42 時間 16:59:18.618402
5 10045 -3140
19 5984 -1096
0 5444 -222
17 5277 -75
1 4610 189
3 4035 468
18 3297 168
24 2649 299
20 3036 687
14 2978 1206
23 2239 1040
13 2108 1381
22 1052 1852
25 -448 2499
7 58 5206
21 -35 5621
15 744 4703
16 4322 2579
4 6018 -457
11 6332 -174
10 6574 -529
8 10210 -2991
6 10211 -3050
9 10248 -3080
12 10304 -3198
2 10138 -3259
***世代 1950 適応度 max -31423.0 (1) mean -31956.59 時間 16:59:23.992315
5 10045 -3140
19 5984 -1096
0 5444 -222
17 5277 -75
1 4610 189
3 4035 468
18 3297 168
24 2649 299
20 3036 687
14 2978 1206
23 2239 1040
13 2108 1381
22 1052 1852
25 -448 2499
7 58 5206
21 -35 5621
15 744 4703
16 4322 2579
4 6018 -457
11 6332 -174
10 6574 -529
8 10210 -2991
6 10211 -3050
9 10248 -3080
12 10304 -3198
2 10138 -3259
***世代 2000 適応度 max -31423.0 (1) mean -34926.39 時間 16:59:28.352305
5 10045 -3140
19 5984 -1096
0 5444 -222
17 5277 -75
1 4610 189
3 4035 468
18 3297 168
24 2649 299
20 3036 687
14 2978 1206
23 2239 1040
13 2108 1381
22 1052 1852
25 -448 2499
7 58 5206
21 -35 5621
15 744 4703
16 4322 2579
4 6018 -457
11 6332 -174
10 6574 -529
8 10210 -2991
6 10211 -3050
9 10248 -3080
12 10304 -3198
2 10138 -3259
***世代 1999 適応度 max -31423.0 (1) mean -34926.39 時間 16:59:28.353797
5 10045 -3140
19 5984 -1096
0 5444 -222
17 5277 -75
1 4610 189
3 4035 468
18 3297 168
24 2649 299
20 3036 687
14 2978 1206
23 2239 1040
13 2108 1381
22 1052 1852
25 -448 2499
7 58 5206
21 -35 5621
15 744 4703
16 4322 2579
4 6018 -457
11 6332 -174
10 6574 -529
8 10210 -2991
6 10211 -3050
9 10248 -3080
12 10304 -3198
2 10138 -3259
