***世代 1 適応度 max -809047.0 (5) mean -937385.4 時間 12:33:04.103661
44 10061 -75521
36 19798 -70407
1 8701 -76222
37 -3597 -72224
5 18760 -61210
30 9747 -72793
8 18268 -63441
21 20177 -60645
12 18266 -63278
3 -4547 -67314
41 5390 -74885
35 -3526 -71985
45 -2838 -72244
39 -2235 -74526
40 -1595 -75305
14 17202 -63973
26 7542 -72510
20 20445 -61354
24 8237 -71892
22 7475 -71620
42 -56387 -125985
49 -4024 -69211
43 -4503 -70793
10 49821 -46275
34 19471 -61914
2 18394 -63113
6 -3411 -70868
27 -1402 -80001
17 -2975 -71651
15 -5496 -68337
16 -4295 -66731
19 17444 -62605
23 8089 -71939
18 12750 -70453
13 17539 -64369
46 11986 -81017
11 12070 -81698
7 -3507 -70617
9 9022 -79395
47 10911 -75480
0 19004 -63091
33 -2820 -73641
38 -3982 -71069
31 -3445 -71077
29 -3898 -65982
48 11221 -75119
25 -1026 -119174
28 -4433 -67550
4 -3491 -71792
32 11084 -71736
***世代 100 適応度 max -535205.0 (36) mean -651721.26 時間 12:33:11.630908
21 20177 -60645
34 19471 -61914
19 17444 -62605
12 18266 -63278
23 8089 -71939
37 -3597 -72224
31 -3445 -71077
38 -3982 -71069
1 8701 -76222
47 10911 -75480
41 5390 -74885
30 9747 -72793
26 7542 -72510
17 -2975 -71651
40 -1595 -75305
7 -3507 -70617
45 -2838 -72244
4 -3491 -71792
24 8237 -71892
27 -1402 -80001
15 -5496 -68337
49 -4024 -69211
3 -4547 -67314
42 -56387 -125985
25 -1026 -119174
46 11986 -81017
11 12070 -81698
0 19004 -63091
10 49821 -46275
2 18394 -63113
8 18268 -63441
5 18760 -61210
13 17539 -64369
22 7475 -71620
48 11221 -75119
14 17202 -63973
36 19798 -70407
18 12750 -70453
28 -4433 -67550
6 -3411 -70868
39 -2235 -74526
43 -4503 -70793
16 -4295 -66731
33 -2820 -73641
35 -3526 -71985
29 -3898 -65982
9 9022 -79395
32 11084 -71736
44 10061 -75521
20 20445 -61354
***世代 200 適応度 max -435585.0 (5) mean -468834.73 時間 12:33:21.268815
21 20177 -60645
34 19471 -61914
19 17444 -62605
12 18266 -63278
14 17202 -63973
13 17539 -64369
2 18394 -63113
5 18760 -61210
8 18268 -63441
0 19004 -63091
10 49821 -46275
36 19798 -70407
11 12070 -81698
46 11986 -81017
27 -1402 -80001
42 -56387 -125985
25 -1026 -119174
3 -4547 -67314
15 -5496 -68337
49 -4024 -69211
7 -3507 -70617
17 -2975 -71651
4 -3491 -71792
45 -2838 -72244
26 7542 -72510
30 9747 -72793
1 8701 -76222
47 10911 -75480
24 8237 -71892
41 5390 -74885
40 -1595 -75305
31 -3445 -71077
38 -3982 -71069
37 -3597 -72224
23 8089 -71939
48 11221 -75119
22 7475 -71620
18 12750 -70453
6 -3411 -70868
28 -4433 -67550
16 -4295 -66731
29 -3898 -65982
43 -4503 -70793
35 -3526 -71985
39 -2235 -74526
33 -2820 -73641
9 9022 -79395
44 10061 -75521
32 11084 -71736
20 20445 -61354
***世代 300 適応度 max -435259.0 (29) mean -539073.67 時間 12:33:31.098193
21 20177 -60645
34 19471 -61914
19 17444 -62605
12 18266 -63278
14 17202 -63973
13 17539 -64369
2 18394 -63113
5 18760 -61210
8 18268 -63441
0 19004 -63091
10 49821 -46275
36 19798 -70407
11 12070 -81698
46 11986 -81017
27 -1402 -80001
42 -56387 -125985
25 -1026 -119174
17 -2975 -71651
3 -4547 -67314
15 -5496 -68337
49 -4024 -69211
7 -3507 -70617
4 -3491 -71792
45 -2838 -72244
26 7542 -72510
30 9747 -72793
1 8701 -76222
47 10911 -75480
24 8237 -71892
41 5390 -74885
40 -1595 -75305
31 -3445 -71077
38 -3982 -71069
37 -3597 -72224
23 8089 -71939
48 11221 -75119
22 7475 -71620
18 12750 -70453
6 -3411 -70868
28 -4433 -67550
16 -4295 -66731
29 -3898 -65982
43 -4503 -70793
35 -3526 -71985
39 -2235 -74526
33 -2820 -73641
9 9022 -79395
44 10061 -75521
32 11084 -71736
20 20445 -61354
***世代 400 適応度 max -420891.0 (75) mean -455191.5 時間 12:33:40.489873
21 20177 -60645
34 19471 -61914
19 17444 -62605
12 18266 -63278
14 17202 -63973
13 17539 -64369
2 18394 -63113
8 18268 -63441
0 19004 -63091
5 18760 -61210
10 49821 -46275
36 19798 -70407
46 11986 -81017
11 12070 -81698
42 -56387 -125985
25 -1026 -119174
27 -1402 -80001
4 -3491 -71792
17 -2975 -71651
3 -4547 -67314
15 -5496 -68337
49 -4024 -69211
7 -3507 -70617
45 -2838 -72244
26 7542 -72510
30 9747 -72793
24 8237 -71892
47 10911 -75480
1 8701 -76222
41 5390 -74885
40 -1595 -75305
31 -3445 -71077
38 -3982 -71069
37 -3597 -72224
22 7475 -71620
23 8089 -71939
48 11221 -75119
18 12750 -70453
6 -3411 -70868
29 -3898 -65982
16 -4295 -66731
28 -4433 -67550
43 -4503 -70793
35 -3526 -71985
39 -2235 -74526
33 -2820 -73641
9 9022 -79395
44 10061 -75521
32 11084 -71736
20 20445 -61354
***世代 500 適応度 max -403651.0 (12) mean -408549.18 時間 12:33:51.070114
21 20177 -60645
34 19471 -61914
19 17444 -62605
12 18266 -63278
14 17202 -63973
13 17539 -64369
8 18268 -63441
2 18394 -63113
0 19004 -63091
5 18760 -61210
10 49821 -46275
36 19798 -70407
46 11986 -81017
11 12070 -81698
25 -1026 -119174
42 -56387 -125985
27 -1402 -80001
17 -2975 -71651
15 -5496 -68337
3 -4547 -67314
49 -4024 -69211
7 -3507 -70617
4 -3491 -71792
45 -2838 -72244
26 7542 -72510
24 8237 -71892
30 9747 -72793
47 10911 -75480
1 8701 -76222
41 5390 -74885
40 -1595 -75305
37 -3597 -72224
38 -3982 -71069
31 -3445 -71077
6 -3411 -70868
18 12750 -70453
48 11221 -75119
23 8089 -71939
22 7475 -71620
29 -3898 -65982
16 -4295 -66731
28 -4433 -67550
43 -4503 -70793
35 -3526 -71985
39 -2235 -74526
33 -2820 -73641
9 9022 -79395
44 10061 -75521
32 11084 -71736
20 20445 -61354
***世代 600 適応度 max -403138.0 (0) mean -412847.2 時間 12:34:04.628178
21 20177 -60645
34 19471 -61914
19 17444 -62605
12 18266 -63278
14 17202 -63973
13 17539 -64369
8 18268 -63441
2 18394 -63113
0 19004 -63091
5 18760 -61210
10 49821 -46275
36 19798 -70407
46 11986 -81017
11 12070 -81698
25 -1026 -119174
42 -56387 -125985
27 -1402 -80001
17 -2975 -71651
7 -3507 -70617
15 -5496 -68337
3 -4547 -67314
49 -4024 -69211
4 -3491 -71792
45 -2838 -72244
26 7542 -72510
24 8237 -71892
30 9747 -72793
47 10911 -75480
1 8701 -76222
41 5390 -74885
40 -1595 -75305
37 -3597 -72224
38 -3982 -71069
31 -3445 -71077
6 -3411 -70868
48 11221 -75119
18 12750 -70453
23 8089 -71939
22 7475 -71620
29 -3898 -65982
16 -4295 -66731
28 -4433 -67550
43 -4503 -70793
35 -3526 -71985
39 -2235 -74526
33 -2820 -73641
9 9022 -79395
44 10061 -75521
32 11084 -71736
20 20445 -61354
***世代 700 適応度 max -399027.0 (25) mean -469064.84 時間 12:34:17.377935
21 20177 -60645
34 19471 -61914
19 17444 -62605
12 18266 -63278
14 17202 -63973
13 17539 -64369
8 18268 -63441
2 18394 -63113
32 11084 -71736
44 10061 -75521
9 9022 -79395
33 -2820 -73641
39 -2235 -74526
35 -3526 -71985
43 -4503 -70793
28 -4433 -67550
29 -3898 -65982
16 -4295 -66731
18 12750 -70453
23 8089 -71939
22 7475 -71620
31 -3445 -71077
6 -3411 -70868
38 -3982 -71069
37 -3597 -72224
40 -1595 -75305
41 5390 -74885
1 8701 -76222
47 10911 -75480
48 11221 -75119
30 9747 -72793
24 8237 -71892
26 7542 -72510
45 -2838 -72244
4 -3491 -71792
49 -4024 -69211
15 -5496 -68337
3 -4547 -67314
7 -3507 -70617
17 -2975 -71651
27 -1402 -80001
42 -56387 -125985
25 -1026 -119174
11 12070 -81698
46 11986 -81017
36 19798 -70407
10 49821 -46275
5 18760 -61210
0 19004 -63091
20 20445 -61354
***世代 800 適応度 max -399027.0 (25) mean -636844.27 時間 12:34:29.922334
21 20177 -60645
34 19471 -61914
19 17444 -62605
12 18266 -63278
14 17202 -63973
13 17539 -64369
8 18268 -63441
2 18394 -63113
32 11084 -71736
44 10061 -75521
9 9022 -79395
33 -2820 -73641
39 -2235 -74526
35 -3526 -71985
43 -4503 -70793
28 -4433 -67550
29 -3898 -65982
16 -4295 -66731
18 12750 -70453
23 8089 -71939
22 7475 -71620
31 -3445 -71077
6 -3411 -70868
38 -3982 -71069
37 -3597 -72224
40 -1595 -75305
41 5390 -74885
1 8701 -76222
47 10911 -75480
48 11221 -75119
30 9747 -72793
24 8237 -71892
26 7542 -72510
45 -2838 -72244
4 -3491 -71792
49 -4024 -69211
15 -5496 -68337
3 -4547 -67314
7 -3507 -70617
17 -2975 -71651
27 -1402 -80001
42 -56387 -125985
25 -1026 -119174
11 12070 -81698
46 11986 -81017
36 19798 -70407
10 49821 -46275
5 18760 -61210
0 19004 -63091
20 20445 -61354
***世代 900 適応度 max -399027.0 (18) mean -524238.88 時間 12:34:40.250465
21 20177 -60645
34 19471 -61914
19 17444 -62605
12 18266 -63278
14 17202 -63973
13 17539 -64369
8 18268 -63441
2 18394 -63113
32 11084 -71736
44 10061 -75521
9 9022 -79395
33 -2820 -73641
39 -2235 -74526
35 -3526 -71985
43 -4503 -70793
28 -4433 -67550
29 -3898 -65982
16 -4295 -66731
18 12750 -70453
23 8089 -71939
22 7475 -71620
31 -3445 -71077
6 -3411 -70868
38 -3982 -71069
37 -3597 -72224
40 -1595 -75305
41 5390 -74885
1 8701 -76222
47 10911 -75480
48 11221 -75119
30 9747 -72793
24 8237 -71892
26 7542 -72510
45 -2838 -72244
4 -3491 -71792
49 -4024 -69211
15 -5496 -68337
3 -4547 -67314
7 -3507 -70617
17 -2975 -71651
27 -1402 -80001
42 -56387 -125985
25 -1026 -119174
11 12070 -81698
46 11986 -81017
36 19798 -70407
10 49821 -46275
5 18760 -61210
0 19004 -63091
20 20445 -61354
***世代 1000 適応度 max -396988.0 (1) mean -421815.24 時間 12:34:52.957705
21 20177 -60645
34 19471 -61914
19 17444 -62605
12 18266 -63278
14 17202 -63973
13 17539 -64369
8 18268 -63441
2 18394 -63113
32 11084 -71736
44 10061 -75521
9 9022 -79395
39 -2235 -74526
33 -2820 -73641
35 -3526 -71985
43 -4503 -70793
28 -4433 -67550
29 -3898 -65982
16 -4295 -66731
18 12750 -70453
23 8089 -71939
22 7475 -71620
6 -3411 -70868
31 -3445 -71077
38 -3982 -71069
37 -3597 -72224
40 -1595 -75305
41 5390 -74885
1 8701 -76222
47 10911 -75480
48 11221 -75119
30 9747 -72793
24 8237 -71892
26 7542 -72510
45 -2838 -72244
4 -3491 -71792
3 -4547 -67314
15 -5496 -68337
49 -4024 -69211
7 -3507 -70617
17 -2975 -71651
27 -1402 -80001
42 -56387 -125985
25 -1026 -119174
11 12070 -81698
46 11986 -81017
36 19798 -70407
10 49821 -46275
5 18760 -61210
0 19004 -63091
20 20445 -61354
***世代 1100 適応度 max -393118.0 (3) mean -399408.69 時間 12:35:10.598262
21 20177 -60645
34 19471 -61914
19 17444 -62605
12 18266 -63278
14 17202 -63973
13 17539 -64369
8 18268 -63441
2 18394 -63113
32 11084 -71736
44 10061 -75521
9 9022 -79395
39 -2235 -74526
33 -2820 -73641
35 -3526 -71985
43 -4503 -70793
28 -4433 -67550
16 -4295 -66731
29 -3898 -65982
22 7475 -71620
23 8089 -71939
6 -3411 -70868
31 -3445 -71077
38 -3982 -71069
37 -3597 -72224
40 -1595 -75305
41 5390 -74885
1 8701 -76222
47 10911 -75480
48 11221 -75119
18 12750 -70453
30 9747 -72793
24 8237 -71892
26 7542 -72510
45 -2838 -72244
4 -3491 -71792
3 -4547 -67314
15 -5496 -68337
49 -4024 -69211
7 -3507 -70617
17 -2975 -71651
27 -1402 -80001
42 -56387 -125985
25 -1026 -119174
11 12070 -81698
46 11986 -81017
36 19798 -70407
10 49821 -46275
5 18760 -61210
0 19004 -63091
20 20445 -61354
***世代 1200 適応度 max -392936.0 (94) mean -402670.94 時間 12:35:27.213010
21 20177 -60645
34 19471 -61914
19 17444 -62605
12 18266 -63278
14 17202 -63973
13 17539 -64369
8 18268 -63441
2 18394 -63113
32 11084 -71736
44 10061 -75521
9 9022 -79395
39 -2235 -74526
33 -2820 -73641
35 -3526 -71985
43 -4503 -70793
28 -4433 -67550
16 -4295 -66731
29 -3898 -65982
22 7475 -71620
23 8089 -71939
6 -3411 -70868
31 -3445 -71077
38 -3982 -71069
37 -3597 -72224
40 -1595 -75305
41 5390 -74885
1 8701 -76222
47 10911 -75480
48 11221 -75119
18 12750 -70453
30 9747 -72793
24 8237 -71892
26 7542 -72510
45 -2838 -72244
4 -3491 -71792
49 -4024 -69211
3 -4547 -67314
15 -5496 -68337
7 -3507 -70617
17 -2975 -71651
27 -1402 -80001
42 -56387 -125985
25 -1026 -119174
11 12070 -81698
46 11986 -81017
36 19798 -70407
10 49821 -46275
5 18760 -61210
0 19004 -63091
20 20445 -61354
***世代 1300 適応度 max -392768.0 (3) mean -399477.09 時間 12:35:44.966296
21 20177 -60645
34 19471 -61914
19 17444 -62605
12 18266 -63278
14 17202 -63973
13 17539 -64369
8 18268 -63441
2 18394 -63113
32 11084 -71736
44 10061 -75521
9 9022 -79395
39 -2235 -74526
33 -2820 -73641
35 -3526 -71985
43 -4503 -70793
28 -4433 -67550
16 -4295 -66731
29 -3898 -65982
22 7475 -71620
23 8089 -71939
6 -3411 -70868
31 -3445 -71077
38 -3982 -71069
37 -3597 -72224
40 -1595 -75305
41 5390 -74885
1 8701 -76222
47 10911 -75480
48 11221 -75119
18 12750 -70453
30 9747 -72793
24 8237 -71892
26 7542 -72510
45 -2838 -72244
4 -3491 -71792
15 -5496 -68337
3 -4547 -67314
49 -4024 -69211
7 -3507 -70617
17 -2975 -71651
27 -1402 -80001
42 -56387 -125985
25 -1026 -119174
11 12070 -81698
46 11986 -81017
36 19798 -70407
10 49821 -46275
5 18760 -61210
0 19004 -63091
20 20445 -61354
***世代 1400 適応度 max -390109.0 (10) mean -450014.79 時間 12:35:58.951629
21 20177 -60645
10 49821 -46275
36 19798 -70407
46 11986 -81017
11 12070 -81698
25 -1026 -119174
42 -56387 -125985
27 -1402 -80001
17 -2975 -71651
7 -3507 -70617
49 -4024 -69211
15 -5496 -68337
3 -4547 -67314
4 -3491 -71792
45 -2838 -72244
26 7542 -72510
24 8237 -71892
30 9747 -72793
18 12750 -70453
48 11221 -75119
47 10911 -75480
1 8701 -76222
41 5390 -74885
40 -1595 -75305
37 -3597 -72224
31 -3445 -71077
38 -3982 -71069
6 -3411 -70868
22 7475 -71620
23 8089 -71939
29 -3898 -65982
16 -4295 -66731
28 -4433 -67550
43 -4503 -70793
35 -3526 -71985
33 -2820 -73641
39 -2235 -74526
9 9022 -79395
44 10061 -75521
32 11084 -71736
13 17539 -64369
2 18394 -63113
12 18266 -63278
8 18268 -63441
14 17202 -63973
19 17444 -62605
34 19471 -61914
5 18760 -61210
0 19004 -63091
20 20445 -61354
***世代 1500 適応度 max -376680.0 (1) mean -394723.6 時間 12:36:17.787326
21 20177 -60645
34 19471 -61914
19 17444 -62605
14 17202 -63973
2 18394 -63113
12 18266 -63278
8 18268 -63441
13 17539 -64369
32 11084 -71736
44 10061 -75521
9 9022 -79395
39 -2235 -74526
33 -2820 -73641
35 -3526 -71985
43 -4503 -70793
28 -4433 -67550
16 -4295 -66731
29 -3898 -65982
6 -3411 -70868
31 -3445 -71077
38 -3982 -71069
4 -3491 -71792
37 -3597 -72224
40 -1595 -75305
41 5390 -74885
22 7475 -71620
1 8701 -76222
47 10911 -75480
48 11221 -75119
18 12750 -70453
30 9747 -72793
23 8089 -71939
24 8237 -71892
26 7542 -72510
45 -2838 -72244
7 -3507 -70617
15 -5496 -68337
3 -4547 -67314
49 -4024 -69211
17 -2975 -71651
27 -1402 -80001
42 -56387 -125985
25 -1026 -119174
11 12070 -81698
46 11986 -81017
36 19798 -70407
10 49821 -46275
5 18760 -61210
0 19004 -63091
20 20445 -61354
***世代 1600 適応度 max -372162.0 (8) mean -377149.9 時間 12:36:35.428238
21 20177 -60645
34 19471 -61914
19 17444 -62605
14 17202 -63973
2 18394 -63113
12 18266 -63278
8 18268 -63441
13 17539 -64369
32 11084 -71736
44 10061 -75521
9 9022 -79395
39 -2235 -74526
33 -2820 -73641
35 -3526 -71985
43 -4503 -70793
28 -4433 -67550
16 -4295 -66731
29 -3898 -65982
6 -3411 -70868
31 -3445 -71077
38 -3982 -71069
4 -3491 -71792
37 -3597 -72224
40 -1595 -75305
41 5390 -74885
1 8701 -76222
47 10911 -75480
48 11221 -75119
18 12750 -70453
30 9747 -72793
24 8237 -71892
23 8089 -71939
22 7475 -71620
26 7542 -72510
45 -2838 -72244
7 -3507 -70617
15 -5496 -68337
3 -4547 -67314
49 -4024 -69211
17 -2975 -71651
27 -1402 -80001
42 -56387 -125985
25 -1026 -119174
11 12070 -81698
46 11986 -81017
36 19798 -70407
10 49821 -46275
5 18760 -61210
0 19004 -63091
20 20445 -61354
***世代 1700 適応度 max -371476.0 (29) mean -375758.35 時間 12:36:52.407086
21 20177 -60645
34 19471 -61914
19 17444 -62605
14 17202 -63973
2 18394 -63113
12 18266 -63278
8 18268 -63441
13 17539 -64369
32 11084 -71736
44 10061 -75521
9 9022 -79395
39 -2235 -74526
33 -2820 -73641
35 -3526 -71985
43 -4503 -70793
28 -4433 -67550
16 -4295 -66731
29 -3898 -65982
6 -3411 -70868
31 -3445 -71077
38 -3982 -71069
49 -4024 -69211
3 -4547 -67314
15 -5496 -68337
7 -3507 -70617
45 -2838 -72244
22 7475 -71620
23 8089 -71939
24 8237 -71892
26 7542 -72510
30 9747 -72793
18 12750 -70453
48 11221 -75119
47 10911 -75480
1 8701 -76222
41 5390 -74885
40 -1595 -75305
37 -3597 -72224
4 -3491 -71792
17 -2975 -71651
27 -1402 -80001
42 -56387 -125985
25 -1026 -119174
11 12070 -81698
46 11986 -81017
36 19798 -70407
10 49821 -46275
5 18760 -61210
0 19004 -63091
20 20445 -61354
***世代 1800 適応度 max -359250.0 (3) mean -452780.16 時間 12:37:09.101796
21 20177 -60645
34 19471 -61914
19 17444 -62605
14 17202 -63973
2 18394 -63113
12 18266 -63278
8 18268 -63441
13 17539 -64369
32 11084 -71736
44 10061 -75521
9 9022 -79395
26 7542 -72510
22 7475 -71620
23 8089 -71939
24 8237 -71892
30 9747 -72793
18 12750 -70453
48 11221 -75119
47 10911 -75480
1 8701 -76222
41 5390 -74885
40 -1595 -75305
37 -3597 -72224
4 -3491 -71792
31 -3445 -71077
6 -3411 -70868
38 -3982 -71069
28 -4433 -67550
16 -4295 -66731
29 -3898 -65982
43 -4503 -70793
35 -3526 -71985
33 -2820 -73641
39 -2235 -74526
45 -2838 -72244
7 -3507 -70617
3 -4547 -67314
15 -5496 -68337
49 -4024 -69211
17 -2975 -71651
27 -1402 -80001
42 -56387 -125985
25 -1026 -119174
11 12070 -81698
46 11986 -81017
36 19798 -70407
10 49821 -46275
5 18760 -61210
0 19004 -63091
20 20445 -61354
***世代 1900 適応度 max -359062.0 (14) mean -374146.04 時間 12:37:25.288268
21 20177 -60645
34 19471 -61914
19 17444 -62605
14 17202 -63973
2 18394 -63113
12 18266 -63278
8 18268 -63441
13 17539 -64369
32 11084 -71736
44 10061 -75521
9 9022 -79395
26 7542 -72510
22 7475 -71620
23 8089 -71939
24 8237 -71892
30 9747 -72793
18 12750 -70453
48 11221 -75119
47 10911 -75480
1 8701 -76222
41 5390 -74885
40 -1595 -75305
37 -3597 -72224
4 -3491 -71792
38 -3982 -71069
31 -3445 -71077
6 -3411 -70868
16 -4295 -66731
29 -3898 -65982
28 -4433 -67550
43 -4503 -70793
35 -3526 -71985
33 -2820 -73641
39 -2235 -74526
45 -2838 -72244
7 -3507 -70617
15 -5496 -68337
3 -4547 -67314
49 -4024 -69211
17 -2975 -71651
27 -1402 -80001
42 -56387 -125985
25 -1026 -119174
11 12070 -81698
46 11986 -81017
36 19798 -70407
10 49821 -46275
5 18760 -61210
0 19004 -63091
20 20445 -61354
***世代 2000 適応度 max -357314.0 (10) mean -411179.91 時間 12:37:41.275216
21 20177 -60645
10 49821 -46275
36 19798 -70407
46 11986 -81017
11 12070 -81698
25 -1026 -119174
42 -56387 -125985
27 -1402 -80001
17 -2975 -71651
49 -4024 -69211
3 -4547 -67314
6 -3411 -70868
7 -3507 -70617
45 -2838 -72244
39 -2235 -74526
33 -2820 -73641
35 -3526 -71985
43 -4503 -70793
15 -5496 -68337
29 -3898 -65982
16 -4295 -66731
28 -4433 -67550
31 -3445 -71077
38 -3982 -71069
4 -3491 -71792
37 -3597 -72224
40 -1595 -75305
41 5390 -74885
1 8701 -76222
47 10911 -75480
48 11221 -75119
18 12750 -70453
30 9747 -72793
24 8237 -71892
23 8089 -71939
22 7475 -71620
26 7542 -72510
9 9022 -79395
44 10061 -75521
32 11084 -71736
13 17539 -64369
8 18268 -63441
12 18266 -63278
2 18394 -63113
14 17202 -63973
19 17444 -62605
34 19471 -61914
5 18760 -61210
0 19004 -63091
20 20445 -61354
***世代 2100 適応度 max -357314.0 (10) mean -413709.07 時間 12:37:56.970127
21 20177 -60645
10 49821 -46275
36 19798 -70407
46 11986 -81017
11 12070 -81698
25 -1026 -119174
42 -56387 -125985
27 -1402 -80001
17 -2975 -71651
49 -4024 -69211
3 -4547 -67314
6 -3411 -70868
7 -3507 -70617
45 -2838 -72244
39 -2235 -74526
33 -2820 -73641
35 -3526 -71985
43 -4503 -70793
15 -5496 -68337
29 -3898 -65982
16 -4295 -66731
28 -4433 -67550
31 -3445 -71077
38 -3982 -71069
4 -3491 -71792
37 -3597 -72224
40 -1595 -75305
41 5390 -74885
1 8701 -76222
47 10911 -75480
48 11221 -75119
18 12750 -70453
30 9747 -72793
24 8237 -71892
23 8089 -71939
22 7475 -71620
26 7542 -72510
9 9022 -79395
44 10061 -75521
32 11084 -71736
13 17539 -64369
8 18268 -63441
12 18266 -63278
2 18394 -63113
14 17202 -63973
19 17444 -62605
34 19471 -61914
5 18760 -61210
0 19004 -63091
20 20445 -61354
***世代 2200 適応度 max -357314.0 (10) mean -393792.96 時間 12:38:12.837795
21 20177 -60645
10 49821 -46275
36 19798 -70407
46 11986 -81017
11 12070 -81698
25 -1026 -119174
42 -56387 -125985
27 -1402 -80001
17 -2975 -71651
49 -4024 -69211
3 -4547 -67314
6 -3411 -70868
7 -3507 -70617
45 -2838 -72244
39 -2235 -74526
33 -2820 -73641
35 -3526 -71985
43 -4503 -70793
15 -5496 -68337
29 -3898 -65982
16 -4295 -66731
28 -4433 -67550
31 -3445 -71077
38 -3982 -71069
4 -3491 -71792
37 -3597 -72224
40 -1595 -75305
41 5390 -74885
1 8701 -76222
47 10911 -75480
48 11221 -75119
18 12750 -70453
30 9747 -72793
24 8237 -71892
23 8089 -71939
22 7475 -71620
26 7542 -72510
9 9022 -79395
44 10061 -75521
32 11084 -71736
13 17539 -64369
8 18268 -63441
12 18266 -63278
2 18394 -63113
14 17202 -63973
19 17444 -62605
34 19471 -61914
5 18760 -61210
0 19004 -63091
20 20445 -61354
***世代 2300 適応度 max -357314.0 (10) mean -401077.6 時間 12:38:28.072466
21 20177 -60645
10 49821 -46275
36 19798 -70407
46 11986 -81017
11 12070 -81698
25 -1026 -119174
42 -56387 -125985
27 -1402 -80001
17 -2975 -71651
49 -4024 -69211
3 -4547 -67314
6 -3411 -70868
7 -3507 -70617
45 -2838 -72244
39 -2235 -74526
33 -2820 -73641
35 -3526 -71985
43 -4503 -70793
15 -5496 -68337
29 -3898 -65982
16 -4295 -66731
28 -4433 -67550
31 -3445 -71077
38 -3982 -71069
4 -3491 -71792
37 -3597 -72224
40 -1595 -75305
41 5390 -74885
1 8701 -76222
47 10911 -75480
48 11221 -75119
18 12750 -70453
30 9747 -72793
24 8237 -71892
23 8089 -71939
22 7475 -71620
26 7542 -72510
9 9022 -79395
44 10061 -75521
32 11084 -71736
13 17539 -64369
8 18268 -63441
12 18266 -63278
2 18394 -63113
14 17202 -63973
19 17444 -62605
34 19471 -61914
5 18760 -61210
0 19004 -63091
20 20445 -61354
***世代 2400 適応度 max -357314.0 (10) mean -393225.11 時間 12:38:42.739469
21 20177 -60645
10 49821 -46275
36 19798 -70407
46 11986 -81017
11 12070 -81698
25 -1026 -119174
42 -56387 -125985
27 -1402 -80001
17 -2975 -71651
49 -4024 -69211
3 -4547 -67314
6 -3411 -70868
7 -3507 -70617
45 -2838 -72244
39 -2235 -74526
33 -2820 -73641
35 -3526 -71985
43 -4503 -70793
15 -5496 -68337
29 -3898 -65982
16 -4295 -66731
28 -4433 -67550
31 -3445 -71077
38 -3982 -71069
4 -3491 -71792
37 -3597 -72224
40 -1595 -75305
41 5390 -74885
1 8701 -76222
47 10911 -75480
48 11221 -75119
18 12750 -70453
30 9747 -72793
24 8237 -71892
23 8089 -71939
22 7475 -71620
26 7542 -72510
9 9022 -79395
44 10061 -75521
32 11084 -71736
13 17539 -64369
8 18268 -63441
12 18266 -63278
2 18394 -63113
14 17202 -63973
19 17444 -62605
34 19471 -61914
5 18760 -61210
0 19004 -63091
20 20445 -61354
***世代 2500 適応度 max -357314.0 (10) mean -409888.38 時間 12:38:58.149696
21 20177 -60645
10 49821 -46275
36 19798 -70407
46 11986 -81017
11 12070 -81698
25 -1026 -119174
42 -56387 -125985
27 -1402 -80001
17 -2975 -71651
49 -4024 -69211
3 -4547 -67314
6 -3411 -70868
7 -3507 -70617
45 -2838 -72244
39 -2235 -74526
33 -2820 -73641
35 -3526 -71985
43 -4503 -70793
15 -5496 -68337
29 -3898 -65982
16 -4295 -66731
28 -4433 -67550
31 -3445 -71077
38 -3982 -71069
4 -3491 -71792
37 -3597 -72224
40 -1595 -75305
41 5390 -74885
1 8701 -76222
47 10911 -75480
48 11221 -75119
18 12750 -70453
30 9747 -72793
24 8237 -71892
23 8089 -71939
22 7475 -71620
26 7542 -72510
9 9022 -79395
44 10061 -75521
32 11084 -71736
13 17539 -64369
8 18268 -63441
12 18266 -63278
2 18394 -63113
14 17202 -63973
19 17444 -62605
34 19471 -61914
5 18760 -61210
0 19004 -63091
20 20445 -61354
***世代 2600 適応度 max -357314.0 (10) mean -375552.41 時間 12:39:13.023075
21 20177 -60645
10 49821 -46275
36 19798 -70407
46 11986 -81017
11 12070 -81698
25 -1026 -119174
42 -56387 -125985
27 -1402 -80001
17 -2975 -71651
49 -4024 -69211
3 -4547 -67314
6 -3411 -70868
7 -3507 -70617
45 -2838 -72244
39 -2235 -74526
33 -2820 -73641
35 -3526 -71985
43 -4503 -70793
15 -5496 -68337
29 -3898 -65982
16 -4295 -66731
28 -4433 -67550
31 -3445 -71077
38 -3982 -71069
4 -3491 -71792
37 -3597 -72224
40 -1595 -75305
41 5390 -74885
1 8701 -76222
47 10911 -75480
48 11221 -75119
18 12750 -70453
30 9747 -72793
24 8237 -71892
23 8089 -71939
22 7475 -71620
26 7542 -72510
9 9022 -79395
44 10061 -75521
32 11084 -71736
13 17539 -64369
8 18268 -63441
12 18266 -63278
2 18394 -63113
14 17202 -63973
19 17444 -62605
34 19471 -61914
5 18760 -61210
0 19004 -63091
20 20445 -61354
***世代 2700 適応度 max -357314.0 (10) mean -404516.2 時間 12:39:27.851282
21 20177 -60645
10 49821 -46275
36 19798 -70407
46 11986 -81017
11 12070 -81698
25 -1026 -119174
42 -56387 -125985
27 -1402 -80001
17 -2975 -71651
49 -4024 -69211
3 -4547 -67314
6 -3411 -70868
7 -3507 -70617
45 -2838 -72244
39 -2235 -74526
33 -2820 -73641
35 -3526 -71985
43 -4503 -70793
15 -5496 -68337
29 -3898 -65982
16 -4295 -66731
28 -4433 -67550
31 -3445 -71077
38 -3982 -71069
4 -3491 -71792
37 -3597 -72224
40 -1595 -75305
41 5390 -74885
1 8701 -76222
47 10911 -75480
48 11221 -75119
18 12750 -70453
30 9747 -72793
24 8237 -71892
23 8089 -71939
22 7475 -71620
26 7542 -72510
9 9022 -79395
44 10061 -75521
32 11084 -71736
13 17539 -64369
8 18268 -63441
12 18266 -63278
2 18394 -63113
14 17202 -63973
19 17444 -62605
34 19471 -61914
5 18760 -61210
0 19004 -63091
20 20445 -61354
***世代 2800 適応度 max -357314.0 (10) mean -372079.88 時間 12:39:44.362581
21 20177 -60645
10 49821 -46275
36 19798 -70407
46 11986 -81017
11 12070 -81698
25 -1026 -119174
42 -56387 -125985
27 -1402 -80001
17 -2975 -71651
49 -4024 -69211
3 -4547 -67314
6 -3411 -70868
7 -3507 -70617
45 -2838 -72244
39 -2235 -74526
33 -2820 -73641
35 -3526 -71985
43 -4503 -70793
15 -5496 -68337
29 -3898 -65982
16 -4295 -66731
28 -4433 -67550
31 -3445 -71077
38 -3982 -71069
4 -3491 -71792
37 -3597 -72224
40 -1595 -75305
41 5390 -74885
1 8701 -76222
47 10911 -75480
48 11221 -75119
18 12750 -70453
30 9747 -72793
24 8237 -71892
23 8089 -71939
22 7475 -71620
26 7542 -72510
9 9022 -79395
44 10061 -75521
32 11084 -71736
13 17539 -64369
8 18268 -63441
12 18266 -63278
2 18394 -63113
14 17202 -63973
19 17444 -62605
34 19471 -61914
5 18760 -61210
0 19004 -63091
20 20445 -61354
***世代 2900 適応度 max -357314.0 (10) mean -402457.28 時間 12:39:58.421512
21 20177 -60645
10 49821 -46275
36 19798 -70407
46 11986 -81017
11 12070 -81698
25 -1026 -119174
42 -56387 -125985
27 -1402 -80001
17 -2975 -71651
49 -4024 -69211
3 -4547 -67314
6 -3411 -70868
7 -3507 -70617
45 -2838 -72244
39 -2235 -74526
33 -2820 -73641
35 -3526 -71985
43 -4503 -70793
15 -5496 -68337
29 -3898 -65982
16 -4295 -66731
28 -4433 -67550
31 -3445 -71077
38 -3982 -71069
4 -3491 -71792
37 -3597 -72224
40 -1595 -75305
41 5390 -74885
1 8701 -76222
47 10911 -75480
48 11221 -75119
18 12750 -70453
30 9747 -72793
24 8237 -71892
23 8089 -71939
22 7475 -71620
26 7542 -72510
9 9022 -79395
44 10061 -75521
32 11084 -71736
13 17539 -64369
8 18268 -63441
12 18266 -63278
2 18394 -63113
14 17202 -63973
19 17444 -62605
34 19471 -61914
5 18760 -61210
0 19004 -63091
20 20445 -61354
***世代 3000 適応度 max -356968.0 (55) mean -383581.17 時間 12:40:11.428511
21 20177 -60645
34 19471 -61914
2 18394 -63113
12 18266 -63278
8 18268 -63441
19 17444 -62605
13 17539 -64369
14 17202 -63973
32 11084 -71736
44 10061 -75521
9 9022 -79395
26 7542 -72510
22 7475 -71620
23 8089 -71939
24 8237 -71892
30 9747 -72793
18 12750 -70453
48 11221 -75119
47 10911 -75480
1 8701 -76222
41 5390 -74885
40 -1595 -75305
37 -3597 -72224
4 -3491 -71792
31 -3445 -71077
6 -3411 -70868
29 -3898 -65982
16 -4295 -66731
28 -4433 -67550
43 -4503 -70793
38 -3982 -71069
35 -3526 -71985
33 -2820 -73641
39 -2235 -74526
45 -2838 -72244
17 -2975 -71651
7 -3507 -70617
49 -4024 -69211
3 -4547 -67314
15 -5496 -68337
27 -1402 -80001
42 -56387 -125985
25 -1026 -119174
11 12070 -81698
46 11986 -81017
36 19798 -70407
10 49821 -46275
5 18760 -61210
0 19004 -63091
20 20445 -61354
***世代 3100 適応度 max -356968.0 (10) mean -361778.89 時間 12:40:25.621399
21 20177 -60645
34 19471 -61914
2 18394 -63113
12 18266 -63278
8 18268 -63441
19 17444 -62605
13 17539 -64369
14 17202 -63973
32 11084 -71736
44 10061 -75521
9 9022 -79395
26 7542 -72510
22 7475 -71620
23 8089 -71939
24 8237 -71892
30 9747 -72793
18 12750 -70453
48 11221 -75119
47 10911 -75480
1 8701 -76222
41 5390 -74885
40 -1595 -75305
37 -3597 -72224
4 -3491 -71792
31 -3445 -71077
6 -3411 -70868
29 -3898 -65982
16 -4295 -66731
28 -4433 -67550
43 -4503 -70793
38 -3982 -71069
35 -3526 -71985
33 -2820 -73641
39 -2235 -74526
45 -2838 -72244
17 -2975 -71651
7 -3507 -70617
49 -4024 -69211
3 -4547 -67314
15 -5496 -68337
27 -1402 -80001
42 -56387 -125985
25 -1026 -119174
11 12070 -81698
46 11986 -81017
36 19798 -70407
10 49821 -46275
5 18760 -61210
0 19004 -63091
20 20445 -61354
***世代 3200 適応度 max -352457.0 (6) mean -356829.04 時間 12:40:36.603072
21 20177 -60645
34 19471 -61914
2 18394 -63113
12 18266 -63278
8 18268 -63441
19 17444 -62605
13 17539 -64369
14 17202 -63973
18 12750 -70453
44 10061 -75521
9 9022 -79395
26 7542 -72510
22 7475 -71620
23 8089 -71939
24 8237 -71892
30 9747 -72793
32 11084 -71736
48 11221 -75119
47 10911 -75480
1 8701 -76222
41 5390 -74885
40 -1595 -75305
37 -3597 -72224
4 -3491 -71792
31 -3445 -71077
6 -3411 -70868
29 -3898 -65982
16 -4295 -66731
28 -4433 -67550
43 -4503 -70793
38 -3982 -71069
35 -3526 -71985
33 -2820 -73641
39 -2235 -74526
45 -2838 -72244
17 -2975 -71651
7 -3507 -70617
49 -4024 -69211
3 -4547 -67314
15 -5496 -68337
27 -1402 -80001
42 -56387 -125985
25 -1026 -119174
11 12070 -81698
46 11986 -81017
36 19798 -70407
10 49821 -46275
20 20445 -61354
0 19004 -63091
5 18760 -61210
***世代 3300 適応度 max -352457.0 (2) mean -361089.38 時間 12:40:45.179604
21 20177 -60645
34 19471 -61914
2 18394 -63113
12 18266 -63278
8 18268 -63441
19 17444 -62605
13 17539 -64369
14 17202 -63973
18 12750 -70453
44 10061 -75521
9 9022 -79395
26 7542 -72510
22 7475 -71620
23 8089 -71939
24 8237 -71892
30 9747 -72793
32 11084 -71736
48 11221 -75119
47 10911 -75480
1 8701 -76222
41 5390 -74885
40 -1595 -75305
37 -3597 -72224
4 -3491 -71792
31 -3445 -71077
6 -3411 -70868
29 -3898 -65982
16 -4295 -66731
28 -4433 -67550
43 -4503 -70793
38 -3982 -71069
35 -3526 -71985
33 -2820 -73641
39 -2235 -74526
45 -2838 -72244
17 -2975 -71651
7 -3507 -70617
49 -4024 -69211
3 -4547 -67314
15 -5496 -68337
27 -1402 -80001
42 -56387 -125985
25 -1026 -119174
11 12070 -81698
46 11986 -81017
36 19798 -70407
10 49821 -46275
20 20445 -61354
0 19004 -63091
5 18760 -61210
***世代 3400 適応度 max -349474.0 (7) mean -356274.83 時間 12:40:54.416057
21 20177 -60645
34 19471 -61914
2 18394 -63113
12 18266 -63278
8 18268 -63441
19 17444 -62605
13 17539 -64369
14 17202 -63973
18 12750 -70453
44 10061 -75521
9 9022 -79395
1 8701 -76222
47 10911 -75480
48 11221 -75119
32 11084 -71736
30 9747 -72793
24 8237 -71892
23 8089 -71939
26 7542 -72510
22 7475 -71620
41 5390 -74885
40 -1595 -75305
37 -3597 -72224
4 -3491 -71792
31 -3445 -71077
6 -3411 -70868
16 -4295 -66731
29 -3898 -65982
28 -4433 -67550
43 -4503 -70793
38 -3982 -71069
35 -3526 -71985
45 -2838 -72244
39 -2235 -74526
33 -2820 -73641
17 -2975 -71651
7 -3507 -70617
49 -4024 -69211
3 -4547 -67314
15 -5496 -68337
27 -1402 -80001
42 -56387 -125985
25 -1026 -119174
11 12070 -81698
46 11986 -81017
36 19798 -70407
10 49821 -46275
20 20445 -61354
0 19004 -63091
5 18760 -61210
***世代 3500 適応度 max -349006.0 (16) mean -358011.92 時間 12:41:03.132347
21 20177 -60645
34 19471 -61914
2 18394 -63113
12 18266 -63278
8 18268 -63441
19 17444 -62605
13 17539 -64369
14 17202 -63973
18 12750 -70453
44 10061 -75521
9 9022 -79395
1 8701 -76222
47 10911 -75480
48 11221 -75119
32 11084 -71736
30 9747 -72793
24 8237 -71892
23 8089 -71939
26 7542 -72510
22 7475 -71620
41 5390 -74885
40 -1595 -75305
37 -3597 -72224
4 -3491 -71792
31 -3445 -71077
6 -3411 -70868
29 -3898 -65982
16 -4295 -66731
28 -4433 -67550
43 -4503 -70793
38 -3982 -71069
35 -3526 -71985
33 -2820 -73641
39 -2235 -74526
45 -2838 -72244
17 -2975 -71651
7 -3507 -70617
49 -4024 -69211
3 -4547 -67314
15 -5496 -68337
27 -1402 -80001
42 -56387 -125985
25 -1026 -119174
11 12070 -81698
46 11986 -81017
36 19798 -70407
10 49821 -46275
20 20445 -61354
0 19004 -63091
5 18760 -61210
***世代 3600 適応度 max -348238.0 (6) mean -357675.01 時間 12:41:12.263959
21 20177 -60645
34 19471 -61914
2 18394 -63113
12 18266 -63278
8 18268 -63441
19 17444 -62605
13 17539 -64369
14 17202 -63973
18 12750 -70453
44 10061 -75521
9 9022 -79395
1 8701 -76222
47 10911 -75480
48 11221 -75119
32 11084 -71736
30 9747 -72793
24 8237 -71892
23 8089 -71939
22 7475 -71620
26 7542 -72510
41 5390 -74885
40 -1595 -75305
37 -3597 -72224
4 -3491 -71792
31 -3445 -71077
6 -3411 -70868
29 -3898 -65982
16 -4295 -66731
28 -4433 -67550
43 -4503 -70793
38 -3982 -71069
35 -3526 -71985
33 -2820 -73641
39 -2235 -74526
45 -2838 -72244
17 -2975 -71651
7 -3507 -70617
49 -4024 -69211
3 -4547 -67314
15 -5496 -68337
27 -1402 -80001
42 -56387 -125985
25 -1026 -119174
11 12070 -81698
46 11986 -81017
36 19798 -70407
10 49821 -46275
20 20445 -61354
0 19004 -63091
5 18760 -61210
***世代 3700 適応度 max -347491.0 (83) mean -360568.18 時間 12:41:21.441727
21 20177 -60645
34 19471 -61914
2 18394 -63113
12 18266 -63278
8 18268 -63441
19 17444 -62605
13 17539 -64369
14 17202 -63973
18 12750 -70453
44 10061 -75521
9 9022 -79395
1 8701 -76222
47 10911 -75480
48 11221 -75119
32 11084 -71736
30 9747 -72793
24 8237 -71892
23 8089 -71939
22 7475 -71620
26 7542 -72510
41 5390 -74885
40 -1595 -75305
37 -3597 -72224
4 -3491 -71792
35 -3526 -71985
45 -2838 -72244
33 -2820 -73641
39 -2235 -74526
17 -2975 -71651
38 -3982 -71069
43 -4503 -70793
28 -4433 -67550
16 -4295 -66731
29 -3898 -65982
6 -3411 -70868
31 -3445 -71077
7 -3507 -70617
49 -4024 -69211
3 -4547 -67314
15 -5496 -68337
27 -1402 -80001
42 -56387 -125985
25 -1026 -119174
11 12070 -81698
46 11986 -81017
36 19798 -70407
10 49821 -46275
20 20445 -61354
0 19004 -63091
5 18760 -61210
***世代 3800 適応度 max -342284.0 (25) mean -354064.7 時間 12:41:33.457284
21 20177 -60645
34 19471 -61914
2 18394 -63113
12 18266 -63278
8 18268 -63441
19 17444 -62605
13 17539 -64369
14 17202 -63973
18 12750 -70453
44 10061 -75521
9 9022 -79395
1 8701 -76222
47 10911 -75480
48 11221 -75119
32 11084 -71736
30 9747 -72793
24 8237 -71892
23 8089 -71939
22 7475 -71620
26 7542 -72510
41 5390 -74885
40 -1595 -75305
39 -2235 -74526
33 -2820 -73641
45 -2838 -72244
17 -2975 -71651
35 -3526 -71985
37 -3597 -72224
4 -3491 -71792
38 -3982 -71069
43 -4503 -70793
28 -4433 -67550
29 -3898 -65982
16 -4295 -66731
6 -3411 -70868
31 -3445 -71077
7 -3507 -70617
49 -4024 -69211
3 -4547 -67314
15 -5496 -68337
27 -1402 -80001
42 -56387 -125985
25 -1026 -119174
11 12070 -81698
46 11986 -81017
36 19798 -70407
10 49821 -46275
20 20445 -61354
0 19004 -63091
5 18760 -61210
***世代 3900 適応度 max -339163.0 (14) mean -346669.12 時間 12:41:43.127490
21 20177 -60645
34 19471 -61914
2 18394 -63113
12 18266 -63278
8 18268 -63441
19 17444 -62605
13 17539 -64369
14 17202 -63973
18 12750 -70453
44 10061 -75521
9 9022 -79395
1 8701 -76222
47 10911 -75480
48 11221 -75119
32 11084 -71736
30 9747 -72793
24 8237 -71892
23 8089 -71939
22 7475 -71620
26 7542 -72510
41 5390 -74885
40 -1595 -75305
39 -2235 -74526
33 -2820 -73641
45 -2838 -72244
17 -2975 -71651
35 -3526 -71985
37 -3597 -72224
4 -3491 -71792
38 -3982 -71069
43 -4503 -70793
3 -4547 -67314
28 -4433 -67550
29 -3898 -65982
16 -4295 -66731
15 -5496 -68337
31 -3445 -71077
6 -3411 -70868
7 -3507 -70617
49 -4024 -69211
27 -1402 -80001
42 -56387 -125985
25 -1026 -119174
11 12070 -81698
46 11986 -81017
36 19798 -70407
10 49821 -46275
20 20445 -61354
0 19004 -63091
5 18760 -61210
***世代 4000 適応度 max -335347.0 (1) mean -340263.92 時間 12:41:53.572430
21 20177 -60645
34 19471 -61914
2 18394 -63113
12 18266 -63278
8 18268 -63441
19 17444 -62605
13 17539 -64369
14 17202 -63973
18 12750 -70453
44 10061 -75521
9 9022 -79395
1 8701 -76222
47 10911 -75480
48 11221 -75119
32 11084 -71736
30 9747 -72793
24 8237 -71892
23 8089 -71939
22 7475 -71620
26 7542 -72510
41 5390 -74885
40 -1595 -75305
39 -2235 -74526
33 -2820 -73641
45 -2838 -72244
17 -2975 -71651
37 -3597 -72224
35 -3526 -71985
4 -3491 -71792
31 -3445 -71077
38 -3982 -71069
43 -4503 -70793
28 -4433 -67550
29 -3898 -65982
16 -4295 -66731
3 -4547 -67314
15 -5496 -68337
49 -4024 -69211
7 -3507 -70617
6 -3411 -70868
27 -1402 -80001
42 -56387 -125985
25 -1026 -119174
11 12070 -81698
46 11986 -81017
36 19798 -70407
10 49821 -46275
20 20445 -61354
0 19004 -63091
5 18760 -61210
***世代 4100 適応度 max -334751.0 (3) mean -361588.85 時間 12:42:04.415538
21 20177 -60645
34 19471 -61914
2 18394 -63113
12 18266 -63278
8 18268 -63441
19 17444 -62605
13 17539 -64369
14 17202 -63973
18 12750 -70453
44 10061 -75521
9 9022 -79395
1 8701 -76222
47 10911 -75480
48 11221 -75119
32 11084 -71736
30 9747 -72793
24 8237 -71892
23 8089 -71939
22 7475 -71620
26 7542 -72510
41 5390 -74885
40 -1595 -75305
39 -2235 -74526
33 -2820 -73641
45 -2838 -72244
17 -2975 -71651
37 -3597 -72224
35 -3526 -71985
4 -3491 -71792
31 -3445 -71077
38 -3982 -71069
43 -4503 -70793
15 -5496 -68337
3 -4547 -67314
16 -4295 -66731
29 -3898 -65982
28 -4433 -67550
49 -4024 -69211
7 -3507 -70617
6 -3411 -70868
27 -1402 -80001
42 -56387 -125985
25 -1026 -119174
11 12070 -81698
46 11986 -81017
36 19798 -70407
10 49821 -46275
20 20445 -61354
0 19004 -63091
5 18760 -61210
***世代 4200 適応度 max -334751.0 (2) mean -339118.86 時間 12:42:18.006368
21 20177 -60645
34 19471 -61914
2 18394 -63113
12 18266 -63278
8 18268 -63441
19 17444 -62605
13 17539 -64369
14 17202 -63973
18 12750 -70453
44 10061 -75521
9 9022 -79395
1 8701 -76222
47 10911 -75480
48 11221 -75119
32 11084 -71736
30 9747 -72793
24 8237 -71892
23 8089 -71939
22 7475 -71620
26 7542 -72510
41 5390 -74885
40 -1595 -75305
39 -2235 -74526
33 -2820 -73641
45 -2838 -72244
17 -2975 -71651
37 -3597 -72224
35 -3526 -71985
4 -3491 -71792
31 -3445 -71077
38 -3982 -71069
43 -4503 -70793
15 -5496 -68337
3 -4547 -67314
16 -4295 -66731
29 -3898 -65982
28 -4433 -67550
49 -4024 -69211
7 -3507 -70617
6 -3411 -70868
27 -1402 -80001
42 -56387 -125985
25 -1026 -119174
11 12070 -81698
46 11986 -81017
36 19798 -70407
10 49821 -46275
20 20445 -61354
0 19004 -63091
5 18760 -61210
***世代 4300 適応度 max -334346.0 (72) mean -367329.07 時間 12:42:29.893600
21 20177 -60645
10 49821 -46275
36 19798 -70407
46 11986 -81017
11 12070 -81698
25 -1026 -119174
42 -56387 -125985
27 -1402 -80001
6 -3411 -70868
7 -3507 -70617
49 -4024 -69211
28 -4433 -67550
29 -3898 -65982
16 -4295 -66731
3 -4547 -67314
15 -5496 -68337
43 -4503 -70793
38 -3982 -71069
31 -3445 -71077
4 -3491 -71792
35 -3526 -71985
37 -3597 -72224
17 -2975 -71651
45 -2838 -72244
33 -2820 -73641
39 -2235 -74526
40 -1595 -75305
41 5390 -74885
26 7542 -72510
22 7475 -71620
23 8089 -71939
24 8237 -71892
30 9747 -72793
32 11084 -71736
48 11221 -75119
47 10911 -75480
1 8701 -76222
9 9022 -79395
44 10061 -75521
18 12750 -70453
14 17202 -63973
13 17539 -64369
19 17444 -62605
8 18268 -63441
12 18266 -63278
2 18394 -63113
34 19471 -61914
20 20445 -61354
0 19004 -63091
5 18760 -61210
***世代 4400 適応度 max -334346.0 (72) mean -374358.87 時間 12:42:40.305145
21 20177 -60645
10 49821 -46275
36 19798 -70407
46 11986 -81017
11 12070 -81698
25 -1026 -119174
42 -56387 -125985
27 -1402 -80001
6 -3411 -70868
7 -3507 -70617
49 -4024 -69211
28 -4433 -67550
29 -3898 -65982
16 -4295 -66731
3 -4547 -67314
15 -5496 -68337
43 -4503 -70793
38 -3982 -71069
31 -3445 -71077
4 -3491 -71792
35 -3526 -71985
37 -3597 -72224
17 -2975 -71651
45 -2838 -72244
33 -2820 -73641
39 -2235 -74526
40 -1595 -75305
41 5390 -74885
26 7542 -72510
22 7475 -71620
23 8089 -71939
24 8237 -71892
30 9747 -72793
32 11084 -71736
48 11221 -75119
47 10911 -75480
1 8701 -76222
9 9022 -79395
44 10061 -75521
18 12750 -70453
14 17202 -63973
13 17539 -64369
19 17444 -62605
8 18268 -63441
12 18266 -63278
2 18394 -63113
34 19471 -61914
20 20445 -61354
0 19004 -63091
5 18760 -61210
***世代 4500 適応度 max -334346.0 (72) mean -357071.65 時間 12:42:50.216090
21 20177 -60645
10 49821 -46275
36 19798 -70407
46 11986 -81017
11 12070 -81698
25 -1026 -119174
42 -56387 -125985
27 -1402 -80001
6 -3411 -70868
7 -3507 -70617
49 -4024 -69211
28 -4433 -67550
29 -3898 -65982
16 -4295 -66731
3 -4547 -67314
15 -5496 -68337
43 -4503 -70793
38 -3982 -71069
31 -3445 -71077
4 -3491 -71792
35 -3526 -71985
37 -3597 -72224
17 -2975 -71651
45 -2838 -72244
33 -2820 -73641
39 -2235 -74526
40 -1595 -75305
41 5390 -74885
26 7542 -72510
22 7475 -71620
23 8089 -71939
24 8237 -71892
30 9747 -72793
32 11084 -71736
48 11221 -75119
47 10911 -75480
1 8701 -76222
9 9022 -79395
44 10061 -75521
18 12750 -70453
14 17202 -63973
13 17539 -64369
19 17444 -62605
8 18268 -63441
12 18266 -63278
2 18394 -63113
34 19471 -61914
20 20445 -61354
0 19004 -63091
5 18760 -61210
***世代 4600 適応度 max -334346.0 (72) mean -362438.49 時間 12:42:59.632145
21 20177 -60645
10 49821 -46275
36 19798 -70407
46 11986 -81017
11 12070 -81698
25 -1026 -119174
42 -56387 -125985
27 -1402 -80001
6 -3411 -70868
7 -3507 -70617
49 -4024 -69211
28 -4433 -67550
29 -3898 -65982
16 -4295 -66731
3 -4547 -67314
15 -5496 -68337
43 -4503 -70793
38 -3982 -71069
31 -3445 -71077
4 -3491 -71792
35 -3526 -71985
37 -3597 -72224
17 -2975 -71651
45 -2838 -72244
33 -2820 -73641
39 -2235 -74526
40 -1595 -75305
41 5390 -74885
26 7542 -72510
22 7475 -71620
23 8089 -71939
24 8237 -71892
30 9747 -72793
32 11084 -71736
48 11221 -75119
47 10911 -75480
1 8701 -76222
9 9022 -79395
44 10061 -75521
18 12750 -70453
14 17202 -63973
13 17539 -64369
19 17444 -62605
8 18268 -63441
12 18266 -63278
2 18394 -63113
34 19471 -61914
20 20445 -61354
0 19004 -63091
5 18760 -61210
***世代 4700 適応度 max -334346.0 (72) mean -381510.26 時間 12:43:07.334101
21 20177 -60645
10 49821 -46275
36 19798 -70407
46 11986 -81017
11 12070 -81698
25 -1026 -119174
42 -56387 -125985
27 -1402 -80001
6 -3411 -70868
7 -3507 -70617
49 -4024 -69211
28 -4433 -67550
29 -3898 -65982
16 -4295 -66731
3 -4547 -67314
15 -5496 -68337
43 -4503 -70793
38 -3982 -71069
31 -3445 -71077
4 -3491 -71792
35 -3526 -71985
37 -3597 -72224
17 -2975 -71651
45 -2838 -72244
33 -2820 -73641
39 -2235 -74526
40 -1595 -75305
41 5390 -74885
26 7542 -72510
22 7475 -71620
23 8089 -71939
24 8237 -71892
30 9747 -72793
32 11084 -71736
48 11221 -75119
47 10911 -75480
1 8701 -76222
9 9022 -79395
44 10061 -75521
18 12750 -70453
14 17202 -63973
13 17539 -64369
19 17444 -62605
8 18268 -63441
12 18266 -63278
2 18394 -63113
34 19471 -61914
20 20445 -61354
0 19004 -63091
5 18760 -61210
***世代 4800 適応度 max -334254.0 (8) mean -366142.09 時間 12:43:16.162030
21 20177 -60645
34 19471 -61914
2 18394 -63113
12 18266 -63278
8 18268 -63441
19 17444 -62605
14 17202 -63973
13 17539 -64369
18 12750 -70453
44 10061 -75521
9 9022 -79395
1 8701 -76222
47 10911 -75480
48 11221 -75119
32 11084 -71736
30 9747 -72793
24 8237 -71892
23 8089 -71939
22 7475 -71620
26 7542 -72510
41 5390 -74885
40 -1595 -75305
39 -2235 -74526
33 -2820 -73641
45 -2838 -72244
17 -2975 -71651
37 -3597 -72224
35 -3526 -71985
4 -3491 -71792
31 -3445 -71077
38 -3982 -71069
43 -4503 -70793
15 -5496 -68337
3 -4547 -67314
16 -4295 -66731
29 -3898 -65982
28 -4433 -67550
49 -4024 -69211
7 -3507 -70617
6 -3411 -70868
27 -1402 -80001
42 -56387 -125985
25 -1026 -119174
11 12070 -81698
46 11986 -81017
36 19798 -70407
10 49821 -46275
20 20445 -61354
0 19004 -63091
5 18760 -61210
***世代 4900 適応度 max -334151.0 (87) mean -382354.55 時間 12:43:25.497198
21 20177 -60645
34 19471 -61914
2 18394 -63113
12 18266 -63278
8 18268 -63441
19 17444 -62605
14 17202 -63973
13 17539 -64369
18 12750 -70453
44 10061 -75521
9 9022 -79395
1 8701 -76222
47 10911 -75480
48 11221 -75119
46 11986 -81017
11 12070 -81698
25 -1026 -119174
42 -56387 -125985
27 -1402 -80001
6 -3411 -70868
7 -3507 -70617
49 -4024 -69211
3 -4547 -67314
29 -3898 -65982
28 -4433 -67550
16 -4295 -66731
15 -5496 -68337
43 -4503 -70793
38 -3982 -71069
31 -3445 -71077
4 -3491 -71792
35 -3526 -71985
37 -3597 -72224
17 -2975 -71651
45 -2838 -72244
33 -2820 -73641
39 -2235 -74526
40 -1595 -75305
41 5390 -74885
26 7542 -72510
22 7475 -71620
23 8089 -71939
24 8237 -71892
30 9747 -72793
32 11084 -71736
36 19798 -70407
10 49821 -46275
20 20445 -61354
0 19004 -63091
5 18760 -61210
***世代 5000 適応度 max -334119.0 (30) mean -350515.86 時間 12:43:35.355020
21 20177 -60645
34 19471 -61914
2 18394 -63113
12 18266 -63278
8 18268 -63441
19 17444 -62605
14 17202 -63973
13 17539 -64369
18 12750 -70453
44 10061 -75521
9 9022 -79395
1 8701 -76222
47 10911 -75480
48 11221 -75119
32 11084 -71736
30 9747 -72793
24 8237 -71892
23 8089 -71939
22 7475 -71620
26 7542 -72510
41 5390 -74885
40 -1595 -75305
39 -2235 -74526
33 -2820 -73641
45 -2838 -72244
37 -3597 -72224
35 -3526 -71985
4 -3491 -71792
17 -2975 -71651
31 -3445 -71077
38 -3982 -71069
43 -4503 -70793
15 -5496 -68337
3 -4547 -67314
16 -4295 -66731
29 -3898 -65982
28 -4433 -67550
49 -4024 -69211
7 -3507 -70617
6 -3411 -70868
27 -1402 -80001
42 -56387 -125985
25 -1026 -119174
11 12070 -81698
46 11986 -81017
36 19798 -70407
10 49821 -46275
20 20445 -61354
0 19004 -63091
5 18760 -61210
***世代 5100 適応度 max -334119.0 (0) mean -347395.58 時間 12:43:53.740483
21 20177 -60645
34 19471 -61914
2 18394 -63113
12 18266 -63278
8 18268 -63441
19 17444 -62605
14 17202 -63973
13 17539 -64369
18 12750 -70453
44 10061 -75521
9 9022 -79395
1 8701 -76222
47 10911 -75480
48 11221 -75119
32 11084 -71736
30 9747 -72793
24 8237 -71892
23 8089 -71939
22 7475 -71620
26 7542 -72510
41 5390 -74885
40 -1595 -75305
39 -2235 -74526
33 -2820 -73641
45 -2838 -72244
37 -3597 -72224
35 -3526 -71985
4 -3491 -71792
17 -2975 -71651
31 -3445 -71077
38 -3982 -71069
43 -4503 -70793
15 -5496 -68337
3 -4547 -67314
16 -4295 -66731
29 -3898 -65982
28 -4433 -67550
49 -4024 -69211
7 -3507 -70617
6 -3411 -70868
27 -1402 -80001
42 -56387 -125985
25 -1026 -119174
11 12070 -81698
46 11986 -81017
36 19798 -70407
10 49821 -46275
20 20445 -61354
0 19004 -63091
5 18760 -61210
***世代 5200 適応度 max -334119.0 (0) mean -353021.56 時間 12:44:06.760238
21 20177 -60645
34 19471 -61914
2 18394 -63113
12 18266 -63278
8 18268 -63441
19 17444 -62605
14 17202 -63973
13 17539 -64369
18 12750 -70453
44 10061 -75521
9 9022 -79395
1 8701 -76222
47 10911 -75480
48 11221 -75119
32 11084 -71736
30 9747 -72793
24 8237 -71892
23 8089 -71939
22 7475 -71620
26 7542 -72510
41 5390 -74885
40 -1595 -75305
39 -2235 -74526
33 -2820 -73641
45 -2838 -72244
37 -3597 -72224
35 -3526 -71985
4 -3491 -71792
17 -2975 -71651
31 -3445 -71077
38 -3982 -71069
43 -4503 -70793
15 -5496 -68337
3 -4547 -67314
16 -4295 -66731
29 -3898 -65982
28 -4433 -67550
49 -4024 -69211
7 -3507 -70617
6 -3411 -70868
27 -1402 -80001
42 -56387 -125985
25 -1026 -119174
11 12070 -81698
46 11986 -81017
36 19798 -70407
10 49821 -46275
20 20445 -61354
0 19004 -63091
5 18760 -61210
***世代 5300 適応度 max -333349.0 (67) mean -345488.19 時間 12:44:18.012698
21 20177 -60645
34 19471 -61914
20 20445 -61354
10 49821 -46275
36 19798 -70407
46 11986 -81017
11 12070 -81698
25 -1026 -119174
42 -56387 -125985
27 -1402 -80001
6 -3411 -70868
7 -3507 -70617
49 -4024 -69211
28 -4433 -67550
29 -3898 -65982
16 -4295 -66731
3 -4547 -67314
15 -5496 -68337
43 -4503 -70793
38 -3982 -71069
31 -3445 -71077
45 -2838 -72244
35 -3526 -71985
4 -3491 -71792
17 -2975 -71651
37 -3597 -72224
33 -2820 -73641
39 -2235 -74526
40 -1595 -75305
41 5390 -74885
26 7542 -72510
22 7475 -71620
23 8089 -71939
24 8237 -71892
30 9747 -72793
32 11084 -71736
48 11221 -75119
47 10911 -75480
1 8701 -76222
9 9022 -79395
44 10061 -75521
18 12750 -70453
13 17539 -64369
14 17202 -63973
19 17444 -62605
8 18268 -63441
12 18266 -63278
2 18394 -63113
0 19004 -63091
5 18760 -61210
***世代 5400 適応度 max -333349.0 (67) mean -361233.87 時間 12:44:27.128100
21 20177 -60645
34 19471 -61914
20 20445 -61354
10 49821 -46275
36 19798 -70407
46 11986 -81017
11 12070 -81698
25 -1026 -119174
42 -56387 -125985
27 -1402 -80001
6 -3411 -70868
7 -3507 -70617
49 -4024 -69211
28 -4433 -67550
29 -3898 -65982
16 -4295 -66731
3 -4547 -67314
15 -5496 -68337
43 -4503 -70793
38 -3982 -71069
31 -3445 -71077
45 -2838 -72244
35 -3526 -71985
4 -3491 -71792
17 -2975 -71651
37 -3597 -72224
33 -2820 -73641
39 -2235 -74526
40 -1595 -75305
41 5390 -74885
26 7542 -72510
22 7475 -71620
23 8089 -71939
24 8237 -71892
30 9747 -72793
32 11084 -71736
48 11221 -75119
47 10911 -75480
1 8701 -76222
9 9022 -79395
44 10061 -75521
18 12750 -70453
13 17539 -64369
14 17202 -63973
19 17444 -62605
8 18268 -63441
12 18266 -63278
2 18394 -63113
0 19004 -63091
5 18760 -61210
***世代 5500 適応度 max -333349.0 (67) mean -376598.47 時間 12:44:35.309369
21 20177 -60645
34 19471 -61914
20 20445 -61354
10 49821 -46275
36 19798 -70407
46 11986 -81017
11 12070 -81698
25 -1026 -119174
42 -56387 -125985
27 -1402 -80001
6 -3411 -70868
7 -3507 -70617
49 -4024 -69211
28 -4433 -67550
29 -3898 -65982
16 -4295 -66731
3 -4547 -67314
15 -5496 -68337
43 -4503 -70793
38 -3982 -71069
31 -3445 -71077
45 -2838 -72244
35 -3526 -71985
4 -3491 -71792
17 -2975 -71651
37 -3597 -72224
33 -2820 -73641
39 -2235 -74526
40 -1595 -75305
41 5390 -74885
26 7542 -72510
22 7475 -71620
23 8089 -71939
24 8237 -71892
30 9747 -72793
32 11084 -71736
48 11221 -75119
47 10911 -75480
1 8701 -76222
9 9022 -79395
44 10061 -75521
18 12750 -70453
13 17539 -64369
14 17202 -63973
19 17444 -62605
8 18268 -63441
12 18266 -63278
2 18394 -63113
0 19004 -63091
5 18760 -61210
***世代 5600 適応度 max -333349.0 (67) mean -358557.76 時間 12:44:44.023333
21 20177 -60645
34 19471 -61914
20 20445 -61354
10 49821 -46275
36 19798 -70407
46 11986 -81017
11 12070 -81698
25 -1026 -119174
42 -56387 -125985
27 -1402 -80001
6 -3411 -70868
7 -3507 -70617
49 -4024 -69211
28 -4433 -67550
29 -3898 -65982
16 -4295 -66731
3 -4547 -67314
15 -5496 -68337
43 -4503 -70793
38 -3982 -71069
31 -3445 -71077
45 -2838 -72244
35 -3526 -71985
4 -3491 -71792
17 -2975 -71651
37 -3597 -72224
33 -2820 -73641
39 -2235 -74526
40 -1595 -75305
41 5390 -74885
26 7542 -72510
22 7475 -71620
23 8089 -71939
24 8237 -71892
30 9747 -72793
32 11084 -71736
48 11221 -75119
47 10911 -75480
1 8701 -76222
9 9022 -79395
44 10061 -75521
18 12750 -70453
13 17539 -64369
14 17202 -63973
19 17444 -62605
8 18268 -63441
12 18266 -63278
2 18394 -63113
0 19004 -63091
5 18760 -61210
***世代 5700 適応度 max -333349.0 (67) mean -361558.25 時間 12:44:52.728973
21 20177 -60645
34 19471 -61914
20 20445 -61354
10 49821 -46275
36 19798 -70407
46 11986 -81017
11 12070 -81698
25 -1026 -119174
42 -56387 -125985
27 -1402 -80001
6 -3411 -70868
7 -3507 -70617
49 -4024 -69211
28 -4433 -67550
29 -3898 -65982
16 -4295 -66731
3 -4547 -67314
15 -5496 -68337
43 -4503 -70793
38 -3982 -71069
31 -3445 -71077
45 -2838 -72244
35 -3526 -71985
4 -3491 -71792
17 -2975 -71651
37 -3597 -72224
33 -2820 -73641
39 -2235 -74526
40 -1595 -75305
41 5390 -74885
26 7542 -72510
22 7475 -71620
23 8089 -71939
24 8237 -71892
30 9747 -72793
32 11084 -71736
48 11221 -75119
47 10911 -75480
1 8701 -76222
9 9022 -79395
44 10061 -75521
18 12750 -70453
13 17539 -64369
14 17202 -63973
19 17444 -62605
8 18268 -63441
12 18266 -63278
2 18394 -63113
0 19004 -63091
5 18760 -61210
***世代 5800 適応度 max -332924.0 (58) mean -348959.59 時間 12:45:02.307500
21 20177 -60645
34 19471 -61914
2 18394 -63113
12 18266 -63278
8 18268 -63441
19 17444 -62605
14 17202 -63973
13 17539 -64369
18 12750 -70453
32 11084 -71736
1 8701 -76222
9 9022 -79395
47 10911 -75480
48 11221 -75119
44 10061 -75521
30 9747 -72793
23 8089 -71939
24 8237 -71892
22 7475 -71620
26 7542 -72510
41 5390 -74885
40 -1595 -75305
39 -2235 -74526
33 -2820 -73641
45 -2838 -72244
35 -3526 -71985
37 -3597 -72224
4 -3491 -71792
17 -2975 -71651
31 -3445 -71077
38 -3982 -71069
43 -4503 -70793
15 -5496 -68337
3 -4547 -67314
29 -3898 -65982
16 -4295 -66731
28 -4433 -67550
49 -4024 -69211
7 -3507 -70617
6 -3411 -70868
27 -1402 -80001
42 -56387 -125985
25 -1026 -119174
11 12070 -81698
46 11986 -81017
36 19798 -70407
10 49821 -46275
20 20445 -61354
0 19004 -63091
5 18760 -61210
***世代 5900 適応度 max -330886.0 (18) mean -333598.68 時間 12:45:11.304086
21 20177 -60645
34 19471 -61914
2 18394 -63113
12 18266 -63278
8 18268 -63441
19 17444 -62605
14 17202 -63973
13 17539 -64369
18 12750 -70453
32 11084 -71736
48 11221 -75119
47 10911 -75480
44 10061 -75521
9 9022 -79395
1 8701 -76222
30 9747 -72793
24 8237 -71892
23 8089 -71939
22 7475 -71620
26 7542 -72510
41 5390 -74885
40 -1595 -75305
39 -2235 -74526
33 -2820 -73641
45 -2838 -72244
37 -3597 -72224
35 -3526 -71985
4 -3491 -71792
17 -2975 -71651
31 -3445 -71077
38 -3982 -71069
43 -4503 -70793
15 -5496 -68337
3 -4547 -67314
16 -4295 -66731
29 -3898 -65982
28 -4433 -67550
49 -4024 -69211
7 -3507 -70617
6 -3411 -70868
27 -1402 -80001
42 -56387 -125985
25 -1026 -119174
11 12070 -81698
46 11986 -81017
36 19798 -70407
10 49821 -46275
20 20445 -61354
0 19004 -63091
5 18760 -61210
***世代 6000 適応度 max -330886.0 (0) mean -343829.8 時間 12:45:20.223354
21 20177 -60645
34 19471 -61914
2 18394 -63113
12 18266 -63278
8 18268 -63441
19 17444 -62605
14 17202 -63973
13 17539 -64369
18 12750 -70453
32 11084 -71736
48 11221 -75119
47 10911 -75480
44 10061 -75521
9 9022 -79395
1 8701 -76222
30 9747 -72793
24 8237 -71892
23 8089 -71939
22 7475 -71620
26 7542 -72510
41 5390 -74885
40 -1595 -75305
39 -2235 -74526
33 -2820 -73641
45 -2838 -72244
37 -3597 -72224
35 -3526 -71985
4 -3491 -71792
17 -2975 -71651
31 -3445 -71077
38 -3982 -71069
43 -4503 -70793
15 -5496 -68337
3 -4547 -67314
16 -4295 -66731
29 -3898 -65982
28 -4433 -67550
49 -4024 -69211
7 -3507 -70617
6 -3411 -70868
27 -1402 -80001
42 -56387 -125985
25 -1026 -119174
11 12070 -81698
46 11986 -81017
36 19798 -70407
10 49821 -46275
20 20445 -61354
0 19004 -63091
5 18760 -61210
***世代 6100 適応度 max -330886.0 (0) mean -333626.18 時間 12:45:29.350902
21 20177 -60645
34 19471 -61914
2 18394 -63113
12 18266 -63278
8 18268 -63441
19 17444 -62605
14 17202 -63973
13 17539 -64369
18 12750 -70453
32 11084 -71736
48 11221 -75119
47 10911 -75480
44 10061 -75521
9 9022 -79395
1 8701 -76222
30 9747 -72793
24 8237 -71892
23 8089 -71939
22 7475 -71620
26 7542 -72510
41 5390 -74885
40 -1595 -75305
39 -2235 -74526
33 -2820 -73641
45 -2838 -72244
37 -3597 -72224
35 -3526 -71985
4 -3491 -71792
17 -2975 -71651
31 -3445 -71077
38 -3982 -71069
43 -4503 -70793
15 -5496 -68337
3 -4547 -67314
16 -4295 -66731
29 -3898 -65982
28 -4433 -67550
49 -4024 -69211
7 -3507 -70617
6 -3411 -70868
27 -1402 -80001
42 -56387 -125985
25 -1026 -119174
11 12070 -81698
46 11986 -81017
36 19798 -70407
10 49821 -46275
20 20445 -61354
0 19004 -63091
5 18760 -61210
***世代 6200 適応度 max -330886.0 (0) mean -332797.0 時間 12:45:39.105496
21 20177 -60645
34 19471 -61914
2 18394 -63113
12 18266 -63278
8 18268 -63441
19 17444 -62605
14 17202 -63973
13 17539 -64369
18 12750 -70453
32 11084 -71736
48 11221 -75119
47 10911 -75480
44 10061 -75521
9 9022 -79395
1 8701 -76222
30 9747 -72793
24 8237 -71892
23 8089 -71939
22 7475 -71620
26 7542 -72510
41 5390 -74885
40 -1595 -75305
39 -2235 -74526
33 -2820 -73641
45 -2838 -72244
37 -3597 -72224
35 -3526 -71985
4 -3491 -71792
17 -2975 -71651
31 -3445 -71077
38 -3982 -71069
43 -4503 -70793
15 -5496 -68337
3 -4547 -67314
16 -4295 -66731
29 -3898 -65982
28 -4433 -67550
49 -4024 -69211
7 -3507 -70617
6 -3411 -70868
27 -1402 -80001
42 -56387 -125985
25 -1026 -119174
11 12070 -81698
46 11986 -81017
36 19798 -70407
10 49821 -46275
20 20445 -61354
0 19004 -63091
5 18760 -61210
***世代 6300 適応度 max -330295.0 (6) mean -343797.88 時間 12:45:51.982261
21 20177 -60645
34 19471 -61914
2 18394 -63113
12 18266 -63278
8 18268 -63441
19 17444 -62605
14 17202 -63973
13 17539 -64369
18 12750 -70453
32 11084 -71736
48 11221 -75119
47 10911 -75480
44 10061 -75521
9 9022 -79395
1 8701 -76222
30 9747 -72793
24 8237 -71892
23 8089 -71939
22 7475 -71620
26 7542 -72510
41 5390 -74885
40 -1595 -75305
39 -2235 -74526
33 -2820 -73641
45 -2838 -72244
17 -2975 -71651
6 -3411 -70868
7 -3507 -70617
49 -4024 -69211
3 -4547 -67314
28 -4433 -67550
29 -3898 -65982
16 -4295 -66731
15 -5496 -68337
43 -4503 -70793
38 -3982 -71069
31 -3445 -71077
4 -3491 -71792
35 -3526 -71985
37 -3597 -72224
27 -1402 -80001
42 -56387 -125985
25 -1026 -119174
11 12070 -81698
46 11986 -81017
36 19798 -70407
10 49821 -46275
20 20445 -61354
0 19004 -63091
5 18760 -61210
***世代 6400 適応度 max -330295.0 (4) mean -342420.48 時間 12:46:04.632015
21 20177 -60645
34 19471 -61914
2 18394 -63113
12 18266 -63278
8 18268 -63441
19 17444 -62605
14 17202 -63973
13 17539 -64369
18 12750 -70453
32 11084 -71736
48 11221 -75119
47 10911 -75480
44 10061 -75521
9 9022 -79395
1 8701 -76222
30 9747 -72793
24 8237 -71892
23 8089 -71939
22 7475 -71620
26 7542 -72510
41 5390 -74885
40 -1595 -75305
39 -2235 -74526
33 -2820 -73641
45 -2838 -72244
17 -2975 -71651
6 -3411 -70868
7 -3507 -70617
49 -4024 -69211
3 -4547 -67314
28 -4433 -67550
29 -3898 -65982
16 -4295 -66731
15 -5496 -68337
43 -4503 -70793
38 -3982 -71069
31 -3445 -71077
4 -3491 -71792
35 -3526 -71985
37 -3597 -72224
27 -1402 -80001
42 -56387 -125985
25 -1026 -119174
11 12070 -81698
46 11986 -81017
36 19798 -70407
10 49821 -46275
20 20445 -61354
0 19004 -63091
5 18760 -61210
***世代 6500 適応度 max -329822.0 (95) mean -343053.0 時間 12:46:17.711986
21 20177 -60645
34 19471 -61914
2 18394 -63113
12 18266 -63278
8 18268 -63441
19 17444 -62605
14 17202 -63973
13 17539 -64369
18 12750 -70453
32 11084 -71736
48 11221 -75119
47 10911 -75480
44 10061 -75521
9 9022 -79395
1 8701 -76222
30 9747 -72793
24 8237 -71892
23 8089 -71939
22 7475 -71620
26 7542 -72510
41 5390 -74885
40 -1595 -75305
39 -2235 -74526
33 -2820 -73641
45 -2838 -72244
17 -2975 -71651
6 -3411 -70868
7 -3507 -70617
49 -4024 -69211
28 -4433 -67550
16 -4295 -66731
29 -3898 -65982
3 -4547 -67314
15 -5496 -68337
43 -4503 -70793
38 -3982 -71069
31 -3445 -71077
4 -3491 -71792
35 -3526 -71985
37 -3597 -72224
27 -1402 -80001
42 -56387 -125985
25 -1026 -119174
11 12070 -81698
46 11986 -81017
36 19798 -70407
10 49821 -46275
20 20445 -61354
0 19004 -63091
5 18760 -61210
***世代 6600 適応度 max -329801.0 (9) mean -336663.43 時間 12:46:29.220297
21 20177 -60645
34 19471 -61914
2 18394 -63113
12 18266 -63278
8 18268 -63441
19 17444 -62605
14 17202 -63973
13 17539 -64369
18 12750 -70453
32 11084 -71736
48 11221 -75119
47 10911 -75480
44 10061 -75521
9 9022 -79395
1 8701 -76222
30 9747 -72793
24 8237 -71892
23 8089 -71939
22 7475 -71620
26 7542 -72510
41 5390 -74885
40 -1595 -75305
39 -2235 -74526
33 -2820 -73641
45 -2838 -72244
17 -2975 -71651
6 -3411 -70868
7 -3507 -70617
49 -4024 -69211
28 -4433 -67550
29 -3898 -65982
16 -4295 -66731
3 -4547 -67314
15 -5496 -68337
43 -4503 -70793
38 -3982 -71069
31 -3445 -71077
4 -3491 -71792
35 -3526 -71985
37 -3597 -72224
27 -1402 -80001
42 -56387 -125985
25 -1026 -119174
11 12070 -81698
46 11986 -81017
36 19798 -70407
10 49821 -46275
20 20445 -61354
0 19004 -63091
5 18760 -61210
***世代 6700 適応度 max -329801.0 (5) mean -338870.42 時間 12:46:39.187615
21 20177 -60645
34 19471 -61914
2 18394 -63113
12 18266 -63278
8 18268 -63441
19 17444 -62605
14 17202 -63973
13 17539 -64369
18 12750 -70453
32 11084 -71736
48 11221 -75119
47 10911 -75480
44 10061 -75521
9 9022 -79395
1 8701 -76222
30 9747 -72793
24 8237 -71892
23 8089 -71939
22 7475 -71620
26 7542 -72510
41 5390 -74885
40 -1595 -75305
39 -2235 -74526
33 -2820 -73641
45 -2838 -72244
17 -2975 -71651
6 -3411 -70868
7 -3507 -70617
49 -4024 -69211
28 -4433 -67550
29 -3898 -65982
16 -4295 -66731
3 -4547 -67314
15 -5496 -68337
43 -4503 -70793
38 -3982 -71069
31 -3445 -71077
4 -3491 -71792
35 -3526 -71985
37 -3597 -72224
27 -1402 -80001
42 -56387 -125985
25 -1026 -119174
11 12070 -81698
46 11986 -81017
36 19798 -70407
10 49821 -46275
20 20445 -61354
0 19004 -63091
5 18760 -61210
***世代 6800 適応度 max -329801.0 (4) mean -334521.96 時間 12:46:49.138333
21 20177 -60645
34 19471 -61914
2 18394 -63113
12 18266 -63278
8 18268 -63441
19 17444 -62605
14 17202 -63973
13 17539 -64369
18 12750 -70453
32 11084 -71736
48 11221 -75119
47 10911 -75480
44 10061 -75521
9 9022 -79395
1 8701 -76222
30 9747 -72793
24 8237 -71892
23 8089 -71939
22 7475 -71620
26 7542 -72510
41 5390 -74885
40 -1595 -75305
39 -2235 -74526
33 -2820 -73641
45 -2838 -72244
17 -2975 -71651
6 -3411 -70868
7 -3507 -70617
49 -4024 -69211
28 -4433 -67550
29 -3898 -65982
16 -4295 -66731
3 -4547 -67314
15 -5496 -68337
43 -4503 -70793
38 -3982 -71069
31 -3445 -71077
4 -3491 -71792
35 -3526 -71985
37 -3597 -72224
27 -1402 -80001
42 -56387 -125985
25 -1026 -119174
11 12070 -81698
46 11986 -81017
36 19798 -70407
10 49821 -46275
20 20445 -61354
0 19004 -63091
5 18760 -61210
***世代 6900 適応度 max -329801.0 (3) mean -342052.01 時間 12:46:58.762889
21 20177 -60645
34 19471 -61914
2 18394 -63113
12 18266 -63278
8 18268 -63441
19 17444 -62605
14 17202 -63973
13 17539 -64369
18 12750 -70453
32 11084 -71736
48 11221 -75119
47 10911 -75480
44 10061 -75521
9 9022 -79395
1 8701 -76222
30 9747 -72793
24 8237 -71892
23 8089 -71939
22 7475 -71620
26 7542 -72510
41 5390 -74885
40 -1595 -75305
39 -2235 -74526
33 -2820 -73641
45 -2838 -72244
17 -2975 -71651
6 -3411 -70868
7 -3507 -70617
49 -4024 -69211
28 -4433 -67550
29 -3898 -65982
16 -4295 -66731
3 -4547 -67314
15 -5496 -68337
43 -4503 -70793
38 -3982 -71069
31 -3445 -71077
4 -3491 -71792
35 -3526 -71985
37 -3597 -72224
27 -1402 -80001
42 -56387 -125985
25 -1026 -119174
11 12070 -81698
46 11986 -81017
36 19798 -70407
10 49821 -46275
20 20445 -61354
0 19004 -63091
5 18760 -61210
***世代 7000 適応度 max -329801.0 (3) mean -335267.05 時間 12:47:08.581964
21 20177 -60645
34 19471 -61914
2 18394 -63113
12 18266 -63278
8 18268 -63441
19 17444 -62605
14 17202 -63973
13 17539 -64369
18 12750 -70453
32 11084 -71736
48 11221 -75119
47 10911 -75480
44 10061 -75521
9 9022 -79395
1 8701 -76222
30 9747 -72793
24 8237 -71892
23 8089 -71939
22 7475 -71620
26 7542 -72510
41 5390 -74885
40 -1595 -75305
39 -2235 -74526
33 -2820 -73641
45 -2838 -72244
17 -2975 -71651
6 -3411 -70868
7 -3507 -70617
49 -4024 -69211
28 -4433 -67550
29 -3898 -65982
16 -4295 -66731
3 -4547 -67314
15 -5496 -68337
43 -4503 -70793
38 -3982 -71069
31 -3445 -71077
4 -3491 -71792
35 -3526 -71985
37 -3597 -72224
27 -1402 -80001
42 -56387 -125985
25 -1026 -119174
11 12070 -81698
46 11986 -81017
36 19798 -70407
10 49821 -46275
20 20445 -61354
0 19004 -63091
5 18760 -61210
***世代 7100 適応度 max -329801.0 (1) mean -350027.96 時間 12:47:19.221752
21 20177 -60645
34 19471 -61914
2 18394 -63113
12 18266 -63278
8 18268 -63441
19 17444 -62605
14 17202 -63973
13 17539 -64369
18 12750 -70453
32 11084 -71736
48 11221 -75119
47 10911 -75480
44 10061 -75521
9 9022 -79395
1 8701 -76222
30 9747 -72793
24 8237 -71892
23 8089 -71939
22 7475 -71620
26 7542 -72510
41 5390 -74885
40 -1595 -75305
39 -2235 -74526
33 -2820 -73641
45 -2838 -72244
17 -2975 -71651
6 -3411 -70868
7 -3507 -70617
49 -4024 -69211
28 -4433 -67550
29 -3898 -65982
16 -4295 -66731
3 -4547 -67314
15 -5496 -68337
43 -4503 -70793
38 -3982 -71069
31 -3445 -71077
4 -3491 -71792
35 -3526 -71985
37 -3597 -72224
27 -1402 -80001
42 -56387 -125985
25 -1026 -119174
11 12070 -81698
46 11986 -81017
36 19798 -70407
10 49821 -46275
20 20445 -61354
0 19004 -63091
5 18760 -61210
***世代 7200 適応度 max -329801.0 (1) mean -331902.74 時間 12:47:30.081407
21 20177 -60645
34 19471 -61914
2 18394 -63113
12 18266 -63278
8 18268 -63441
19 17444 -62605
14 17202 -63973
13 17539 -64369
18 12750 -70453
32 11084 -71736
48 11221 -75119
47 10911 -75480
44 10061 -75521
9 9022 -79395
1 8701 -76222
30 9747 -72793
24 8237 -71892
23 8089 -71939
22 7475 -71620
26 7542 -72510
41 5390 -74885
40 -1595 -75305
39 -2235 -74526
33 -2820 -73641
45 -2838 -72244
17 -2975 -71651
6 -3411 -70868
7 -3507 -70617
49 -4024 -69211
28 -4433 -67550
29 -3898 -65982
16 -4295 -66731
3 -4547 -67314
15 -5496 -68337
43 -4503 -70793
38 -3982 -71069
31 -3445 -71077
4 -3491 -71792
35 -3526 -71985
37 -3597 -72224
27 -1402 -80001
42 -56387 -125985
25 -1026 -119174
11 12070 -81698
46 11986 -81017
36 19798 -70407
10 49821 -46275
20 20445 -61354
0 19004 -63091
5 18760 -61210
***世代 7300 適応度 max -329801.0 (1) mean -335836.95 時間 12:47:38.713773
21 20177 -60645
34 19471 -61914
2 18394 -63113
12 18266 -63278
8 18268 -63441
19 17444 -62605
14 17202 -63973
13 17539 -64369
18 12750 -70453
32 11084 -71736
48 11221 -75119
47 10911 -75480
44 10061 -75521
9 9022 -79395
1 8701 -76222
30 9747 -72793
24 8237 -71892
23 8089 -71939
22 7475 -71620
26 7542 -72510
41 5390 -74885
40 -1595 -75305
39 -2235 -74526
33 -2820 -73641
45 -2838 -72244
17 -2975 -71651
6 -3411 -70868
7 -3507 -70617
49 -4024 -69211
28 -4433 -67550
29 -3898 -65982
16 -4295 -66731
3 -4547 -67314
15 -5496 -68337
43 -4503 -70793
38 -3982 -71069
31 -3445 -71077
4 -3491 -71792
35 -3526 -71985
37 -3597 -72224
27 -1402 -80001
42 -56387 -125985
25 -1026 -119174
11 12070 -81698
46 11986 -81017
36 19798 -70407
10 49821 -46275
20 20445 -61354
0 19004 -63091
5 18760 -61210
***世代 7400 適応度 max -328678.0 (7) mean -364523.01 時間 12:47:47.323303
21 20177 -60645
20 20445 -61354
10 49821 -46275
36 19798 -70407
46 11986 -81017
11 12070 -81698
25 -1026 -119174
42 -56387 -125985
27 -1402 -80001
37 -3597 -72224
35 -3526 -71985
4 -3491 -71792
31 -3445 -71077
38 -3982 -71069
43 -4503 -70793
49 -4024 -69211
28 -4433 -67550
29 -3898 -65982
16 -4295 -66731
3 -4547 -67314
15 -5496 -68337
7 -3507 -70617
6 -3411 -70868
17 -2975 -71651
45 -2838 -72244
33 -2820 -73641
39 -2235 -74526
40 -1595 -75305
41 5390 -74885
26 7542 -72510
22 7475 -71620
23 8089 -71939
24 8237 -71892
30 9747 -72793
1 8701 -76222
9 9022 -79395
44 10061 -75521
47 10911 -75480
48 11221 -75119
32 11084 -71736
18 12750 -70453
13 17539 -64369
14 17202 -63973
19 17444 -62605
12 18266 -63278
8 18268 -63441
2 18394 -63113
34 19471 -61914
0 19004 -63091
5 18760 -61210
***世代 7500 適応度 max -328678.0 (7) mean -378924.81 時間 12:47:57.780019
21 20177 -60645
20 20445 -61354
10 49821 -46275
36 19798 -70407
46 11986 -81017
11 12070 -81698
25 -1026 -119174
42 -56387 -125985
27 -1402 -80001
37 -3597 -72224
35 -3526 -71985
4 -3491 -71792
31 -3445 -71077
38 -3982 -71069
43 -4503 -70793
49 -4024 -69211
28 -4433 -67550
29 -3898 -65982
16 -4295 -66731
3 -4547 -67314
15 -5496 -68337
7 -3507 -70617
6 -3411 -70868
17 -2975 -71651
45 -2838 -72244
33 -2820 -73641
39 -2235 -74526
40 -1595 -75305
41 5390 -74885
26 7542 -72510
22 7475 -71620
23 8089 -71939
24 8237 -71892
30 9747 -72793
1 8701 -76222
9 9022 -79395
44 10061 -75521
47 10911 -75480
48 11221 -75119
32 11084 -71736
18 12750 -70453
13 17539 -64369
14 17202 -63973
19 17444 -62605
12 18266 -63278
8 18268 -63441
2 18394 -63113
34 19471 -61914
0 19004 -63091
5 18760 -61210
***世代 7600 適応度 max -328678.0 (7) mean -360346.68 時間 12:48:09.839861
21 20177 -60645
20 20445 -61354
10 49821 -46275
36 19798 -70407
46 11986 -81017
11 12070 -81698
25 -1026 -119174
42 -56387 -125985
27 -1402 -80001
37 -3597 -72224
35 -3526 -71985
4 -3491 -71792
31 -3445 -71077
38 -3982 -71069
43 -4503 -70793
49 -4024 -69211
28 -4433 -67550
29 -3898 -65982
16 -4295 -66731
3 -4547 -67314
15 -5496 -68337
7 -3507 -70617
6 -3411 -70868
17 -2975 -71651
45 -2838 -72244
33 -2820 -73641
39 -2235 -74526
40 -1595 -75305
41 5390 -74885
26 7542 -72510
22 7475 -71620
23 8089 -71939
24 8237 -71892
30 9747 -72793
1 8701 -76222
9 9022 -79395
44 10061 -75521
47 10911 -75480
48 11221 -75119
32 11084 -71736
18 12750 -70453
13 17539 -64369
14 17202 -63973
19 17444 -62605
12 18266 -63278
8 18268 -63441
2 18394 -63113
34 19471 -61914
0 19004 -63091
5 18760 -61210
***世代 7700 適応度 max -328678.0 (7) mean -350085.35 時間 12:48:19.714632
21 20177 -60645
20 20445 -61354
10 49821 -46275
36 19798 -70407
46 11986 -81017
11 12070 -81698
25 -1026 -119174
42 -56387 -125985
27 -1402 -80001
37 -3597 -72224
35 -3526 -71985
4 -3491 -71792
31 -3445 -71077
38 -3982 -71069
43 -4503 -70793
49 -4024 -69211
28 -4433 -67550
29 -3898 -65982
16 -4295 -66731
3 -4547 -67314
15 -5496 -68337
7 -3507 -70617
6 -3411 -70868
17 -2975 -71651
45 -2838 -72244
33 -2820 -73641
39 -2235 -74526
40 -1595 -75305
41 5390 -74885
26 7542 -72510
22 7475 -71620
23 8089 -71939
24 8237 -71892
30 9747 -72793
1 8701 -76222
9 9022 -79395
44 10061 -75521
47 10911 -75480
48 11221 -75119
32 11084 -71736
18 12750 -70453
13 17539 -64369
14 17202 -63973
19 17444 -62605
12 18266 -63278
8 18268 -63441
2 18394 -63113
34 19471 -61914
0 19004 -63091
5 18760 -61210
***世代 7800 適応度 max -328678.0 (7) mean -343063.21 時間 12:48:30.287003
21 20177 -60645
20 20445 -61354
10 49821 -46275
36 19798 -70407
46 11986 -81017
11 12070 -81698
25 -1026 -119174
42 -56387 -125985
27 -1402 -80001
37 -3597 -72224
35 -3526 -71985
4 -3491 -71792
31 -3445 -71077
38 -3982 -71069
43 -4503 -70793
49 -4024 -69211
28 -4433 -67550
29 -3898 -65982
16 -4295 -66731
3 -4547 -67314
15 -5496 -68337
7 -3507 -70617
6 -3411 -70868
17 -2975 -71651
45 -2838 -72244
33 -2820 -73641
39 -2235 -74526
40 -1595 -75305
41 5390 -74885
26 7542 -72510
22 7475 -71620
23 8089 -71939
24 8237 -71892
30 9747 -72793
1 8701 -76222
9 9022 -79395
44 10061 -75521
47 10911 -75480
48 11221 -75119
32 11084 -71736
18 12750 -70453
13 17539 -64369
14 17202 -63973
19 17444 -62605
12 18266 -63278
8 18268 -63441
2 18394 -63113
34 19471 -61914
0 19004 -63091
5 18760 -61210
***世代 7900 適応度 max -328678.0 (7) mean -362652.23 時間 12:48:39.461738
21 20177 -60645
20 20445 -61354
10 49821 -46275
36 19798 -70407
46 11986 -81017
11 12070 -81698
25 -1026 -119174
42 -56387 -125985
27 -1402 -80001
37 -3597 -72224
35 -3526 -71985
4 -3491 -71792
31 -3445 -71077
38 -3982 -71069
43 -4503 -70793
49 -4024 -69211
28 -4433 -67550
29 -3898 -65982
16 -4295 -66731
3 -4547 -67314
15 -5496 -68337
7 -3507 -70617
6 -3411 -70868
17 -2975 -71651
45 -2838 -72244
33 -2820 -73641
39 -2235 -74526
40 -1595 -75305
41 5390 -74885
26 7542 -72510
22 7475 -71620
23 8089 -71939
24 8237 -71892
30 9747 -72793
1 8701 -76222
9 9022 -79395
44 10061 -75521
47 10911 -75480
48 11221 -75119
32 11084 -71736
18 12750 -70453
13 17539 -64369
14 17202 -63973
19 17444 -62605
12 18266 -63278
8 18268 -63441
2 18394 -63113
34 19471 -61914
0 19004 -63091
5 18760 -61210
***世代 8000 適応度 max -328678.0 (7) mean -367543.14 時間 12:48:48.366367
21 20177 -60645
20 20445 -61354
10 49821 -46275
36 19798 -70407
46 11986 -81017
11 12070 -81698
25 -1026 -119174
42 -56387 -125985
27 -1402 -80001
37 -3597 -72224
35 -3526 -71985
4 -3491 -71792
31 -3445 -71077
38 -3982 -71069
43 -4503 -70793
49 -4024 -69211
28 -4433 -67550
29 -3898 -65982
16 -4295 -66731
3 -4547 -67314
15 -5496 -68337
7 -3507 -70617
6 -3411 -70868
17 -2975 -71651
45 -2838 -72244
33 -2820 -73641
39 -2235 -74526
40 -1595 -75305
41 5390 -74885
26 7542 -72510
22 7475 -71620
23 8089 -71939
24 8237 -71892
30 9747 -72793
1 8701 -76222
9 9022 -79395
44 10061 -75521
47 10911 -75480
48 11221 -75119
32 11084 -71736
18 12750 -70453
13 17539 -64369
14 17202 -63973
19 17444 -62605
12 18266 -63278
8 18268 -63441
2 18394 -63113
34 19471 -61914
0 19004 -63091
5 18760 -61210
***世代 8100 適応度 max -328678.0 (7) mean -387998.51 時間 12:48:56.365491
21 20177 -60645
20 20445 -61354
10 49821 -46275
36 19798 -70407
46 11986 -81017
11 12070 -81698
25 -1026 -119174
42 -56387 -125985
27 -1402 -80001
37 -3597 -72224
35 -3526 -71985
4 -3491 -71792
31 -3445 -71077
38 -3982 -71069
43 -4503 -70793
49 -4024 -69211
28 -4433 -67550
29 -3898 -65982
16 -4295 -66731
3 -4547 -67314
15 -5496 -68337
7 -3507 -70617
6 -3411 -70868
17 -2975 -71651
45 -2838 -72244
33 -2820 -73641
39 -2235 -74526
40 -1595 -75305
41 5390 -74885
26 7542 -72510
22 7475 -71620
23 8089 -71939
24 8237 -71892
30 9747 -72793
1 8701 -76222
9 9022 -79395
44 10061 -75521
47 10911 -75480
48 11221 -75119
32 11084 -71736
18 12750 -70453
13 17539 -64369
14 17202 -63973
19 17444 -62605
12 18266 -63278
8 18268 -63441
2 18394 -63113
34 19471 -61914
0 19004 -63091
5 18760 -61210
***世代 8200 適応度 max -328678.0 (7) mean -390746.32 時間 12:49:03.326091
21 20177 -60645
20 20445 -61354
10 49821 -46275
36 19798 -70407
46 11986 -81017
11 12070 -81698
25 -1026 -119174
42 -56387 -125985
27 -1402 -80001
37 -3597 -72224
35 -3526 -71985
4 -3491 -71792
31 -3445 -71077
38 -3982 -71069
43 -4503 -70793
49 -4024 -69211
28 -4433 -67550
29 -3898 -65982
16 -4295 -66731
3 -4547 -67314
15 -5496 -68337
7 -3507 -70617
6 -3411 -70868
17 -2975 -71651
45 -2838 -72244
33 -2820 -73641
39 -2235 -74526
40 -1595 -75305
41 5390 -74885
26 7542 -72510
22 7475 -71620
23 8089 -71939
24 8237 -71892
30 9747 -72793
1 8701 -76222
9 9022 -79395
44 10061 -75521
47 10911 -75480
48 11221 -75119
32 11084 -71736
18 12750 -70453
13 17539 -64369
14 17202 -63973
19 17444 -62605
12 18266 -63278
8 18268 -63441
2 18394 -63113
34 19471 -61914
0 19004 -63091
5 18760 -61210
***世代 8300 適応度 max -328678.0 (7) mean -377734.3 時間 12:49:10.635296
21 20177 -60645
20 20445 -61354
10 49821 -46275
36 19798 -70407
46 11986 -81017
11 12070 -81698
25 -1026 -119174
42 -56387 -125985
27 -1402 -80001
37 -3597 -72224
35 -3526 -71985
4 -3491 -71792
31 -3445 -71077
38 -3982 -71069
43 -4503 -70793
49 -4024 -69211
28 -4433 -67550
29 -3898 -65982
16 -4295 -66731
3 -4547 -67314
15 -5496 -68337
7 -3507 -70617
6 -3411 -70868
17 -2975 -71651
45 -2838 -72244
33 -2820 -73641
39 -2235 -74526
40 -1595 -75305
41 5390 -74885
26 7542 -72510
22 7475 -71620
23 8089 -71939
24 8237 -71892
30 9747 -72793
1 8701 -76222
9 9022 -79395
44 10061 -75521
47 10911 -75480
48 11221 -75119
32 11084 -71736
18 12750 -70453
13 17539 -64369
14 17202 -63973
19 17444 -62605
12 18266 -63278
8 18268 -63441
2 18394 -63113
34 19471 -61914
0 19004 -63091
5 18760 -61210
***世代 8400 適応度 max -328678.0 (7) mean -372148.89 時間 12:49:19.035467
21 20177 -60645
20 20445 -61354
10 49821 -46275
36 19798 -70407
46 11986 -81017
11 12070 -81698
25 -1026 -119174
42 -56387 -125985
27 -1402 -80001
37 -3597 -72224
35 -3526 -71985
4 -3491 -71792
31 -3445 -71077
38 -3982 -71069
43 -4503 -70793
49 -4024 -69211
28 -4433 -67550
29 -3898 -65982
16 -4295 -66731
3 -4547 -67314
15 -5496 -68337
7 -3507 -70617
6 -3411 -70868
17 -2975 -71651
45 -2838 -72244
33 -2820 -73641
39 -2235 -74526
40 -1595 -75305
41 5390 -74885
26 7542 -72510
22 7475 -71620
23 8089 -71939
24 8237 -71892
30 9747 -72793
1 8701 -76222
9 9022 -79395
44 10061 -75521
47 10911 -75480
48 11221 -75119
32 11084 -71736
18 12750 -70453
13 17539 -64369
14 17202 -63973
19 17444 -62605
12 18266 -63278
8 18268 -63441
2 18394 -63113
34 19471 -61914
0 19004 -63091
5 18760 -61210
***世代 8500 適応度 max -328678.0 (7) mean -356664.96 時間 12:49:27.307358
21 20177 -60645
20 20445 -61354
10 49821 -46275
36 19798 -70407
46 11986 -81017
11 12070 -81698
25 -1026 -119174
42 -56387 -125985
27 -1402 -80001
37 -3597 -72224
35 -3526 -71985
4 -3491 -71792
31 -3445 -71077
38 -3982 -71069
43 -4503 -70793
49 -4024 -69211
28 -4433 -67550
29 -3898 -65982
16 -4295 -66731
3 -4547 -67314
15 -5496 -68337
7 -3507 -70617
6 -3411 -70868
17 -2975 -71651
45 -2838 -72244
33 -2820 -73641
39 -2235 -74526
40 -1595 -75305
41 5390 -74885
26 7542 -72510
22 7475 -71620
23 8089 -71939
24 8237 -71892
30 9747 -72793
1 8701 -76222
9 9022 -79395
44 10061 -75521
47 10911 -75480
48 11221 -75119
32 11084 -71736
18 12750 -70453
13 17539 -64369
14 17202 -63973
19 17444 -62605
12 18266 -63278
8 18268 -63441
2 18394 -63113
34 19471 -61914
0 19004 -63091
5 18760 -61210
***世代 8600 適応度 max -328678.0 (7) mean -370548.87 時間 12:49:35.493668
21 20177 -60645
20 20445 -61354
10 49821 -46275
36 19798 -70407
46 11986 -81017
11 12070 -81698
25 -1026 -119174
42 -56387 -125985
27 -1402 -80001
37 -3597 -72224
35 -3526 -71985
4 -3491 -71792
31 -3445 -71077
38 -3982 -71069
43 -4503 -70793
49 -4024 -69211
28 -4433 -67550
29 -3898 -65982
16 -4295 -66731
3 -4547 -67314
15 -5496 -68337
7 -3507 -70617
6 -3411 -70868
17 -2975 -71651
45 -2838 -72244
33 -2820 -73641
39 -2235 -74526
40 -1595 -75305
41 5390 -74885
26 7542 -72510
22 7475 -71620
23 8089 -71939
24 8237 -71892
30 9747 -72793
1 8701 -76222
9 9022 -79395
44 10061 -75521
47 10911 -75480
48 11221 -75119
32 11084 -71736
18 12750 -70453
13 17539 -64369
14 17202 -63973
19 17444 -62605
12 18266 -63278
8 18268 -63441
2 18394 -63113
34 19471 -61914
0 19004 -63091
5 18760 -61210
***世代 8700 適応度 max -328678.0 (7) mean -383675.82 時間 12:49:43.944475
21 20177 -60645
20 20445 -61354
10 49821 -46275
36 19798 -70407
46 11986 -81017
11 12070 -81698
25 -1026 -119174
42 -56387 -125985
27 -1402 -80001
37 -3597 -72224
35 -3526 -71985
4 -3491 -71792
31 -3445 -71077
38 -3982 -71069
43 -4503 -70793
49 -4024 -69211
28 -4433 -67550
29 -3898 -65982
16 -4295 -66731
3 -4547 -67314
15 -5496 -68337
7 -3507 -70617
6 -3411 -70868
17 -2975 -71651
45 -2838 -72244
33 -2820 -73641
39 -2235 -74526
40 -1595 -75305
41 5390 -74885
26 7542 -72510
22 7475 -71620
23 8089 -71939
24 8237 -71892
30 9747 -72793
1 8701 -76222
9 9022 -79395
44 10061 -75521
47 10911 -75480
48 11221 -75119
32 11084 -71736
18 12750 -70453
13 17539 -64369
14 17202 -63973
19 17444 -62605
12 18266 -63278
8 18268 -63441
2 18394 -63113
34 19471 -61914
0 19004 -63091
5 18760 -61210
***世代 8800 適応度 max -328678.0 (7) mean -395994.47 時間 12:49:51.803434
21 20177 -60645
20 20445 -61354
10 49821 -46275
36 19798 -70407
46 11986 -81017
11 12070 -81698
25 -1026 -119174
42 -56387 -125985
27 -1402 -80001
37 -3597 -72224
35 -3526 -71985
4 -3491 -71792
31 -3445 -71077
38 -3982 -71069
43 -4503 -70793
49 -4024 -69211
28 -4433 -67550
29 -3898 -65982
16 -4295 -66731
3 -4547 -67314
15 -5496 -68337
7 -3507 -70617
6 -3411 -70868
17 -2975 -71651
45 -2838 -72244
33 -2820 -73641
39 -2235 -74526
40 -1595 -75305
41 5390 -74885
26 7542 -72510
22 7475 -71620
23 8089 -71939
24 8237 -71892
30 9747 -72793
1 8701 -76222
9 9022 -79395
44 10061 -75521
47 10911 -75480
48 11221 -75119
32 11084 -71736
18 12750 -70453
13 17539 -64369
14 17202 -63973
19 17444 -62605
12 18266 -63278
8 18268 -63441
2 18394 -63113
34 19471 -61914
0 19004 -63091
5 18760 -61210
***世代 8900 適応度 max -328678.0 (7) mean -397900.14 時間 12:50:01.900082
21 20177 -60645
20 20445 -61354
10 49821 -46275
36 19798 -70407
46 11986 -81017
11 12070 -81698
25 -1026 -119174
42 -56387 -125985
27 -1402 -80001
37 -3597 -72224
35 -3526 -71985
4 -3491 -71792
31 -3445 -71077
38 -3982 -71069
43 -4503 -70793
49 -4024 -69211
28 -4433 -67550
29 -3898 -65982
16 -4295 -66731
3 -4547 -67314
15 -5496 -68337
7 -3507 -70617
6 -3411 -70868
17 -2975 -71651
45 -2838 -72244
33 -2820 -73641
39 -2235 -74526
40 -1595 -75305
41 5390 -74885
26 7542 -72510
22 7475 -71620
23 8089 -71939
24 8237 -71892
30 9747 -72793
1 8701 -76222
9 9022 -79395
44 10061 -75521
47 10911 -75480
48 11221 -75119
32 11084 -71736
18 12750 -70453
13 17539 -64369
14 17202 -63973
19 17444 -62605
12 18266 -63278
8 18268 -63441
2 18394 -63113
34 19471 -61914
0 19004 -63091
5 18760 -61210
***世代 9000 適応度 max -328678.0 (7) mean -387373.97 時間 12:50:10.040737
21 20177 -60645
20 20445 -61354
10 49821 -46275
36 19798 -70407
46 11986 -81017
11 12070 -81698
25 -1026 -119174
42 -56387 -125985
27 -1402 -80001
37 -3597 -72224
35 -3526 -71985
4 -3491 -71792
31 -3445 -71077
38 -3982 -71069
43 -4503 -70793
49 -4024 -69211
28 -4433 -67550
29 -3898 -65982
16 -4295 -66731
3 -4547 -67314
15 -5496 -68337
7 -3507 -70617
6 -3411 -70868
17 -2975 -71651
45 -2838 -72244
33 -2820 -73641
39 -2235 -74526
40 -1595 -75305
41 5390 -74885
26 7542 -72510
22 7475 -71620
23 8089 -71939
24 8237 -71892
30 9747 -72793
1 8701 -76222
9 9022 -79395
44 10061 -75521
47 10911 -75480
48 11221 -75119
32 11084 -71736
18 12750 -70453
13 17539 -64369
14 17202 -63973
19 17444 -62605
12 18266 -63278
8 18268 -63441
2 18394 -63113
34 19471 -61914
0 19004 -63091
5 18760 -61210
***世代 9100 適応度 max -328678.0 (7) mean -366632.3 時間 12:50:17.502122
21 20177 -60645
20 20445 -61354
10 49821 -46275
36 19798 -70407
46 11986 -81017
11 12070 -81698
25 -1026 -119174
42 -56387 -125985
27 -1402 -80001
37 -3597 -72224
35 -3526 -71985
4 -3491 -71792
31 -3445 -71077
38 -3982 -71069
43 -4503 -70793
49 -4024 -69211
28 -4433 -67550
29 -3898 -65982
16 -4295 -66731
3 -4547 -67314
15 -5496 -68337
7 -3507 -70617
6 -3411 -70868
17 -2975 -71651
45 -2838 -72244
33 -2820 -73641
39 -2235 -74526
40 -1595 -75305
41 5390 -74885
26 7542 -72510
22 7475 -71620
23 8089 -71939
24 8237 -71892
30 9747 -72793
1 8701 -76222
9 9022 -79395
44 10061 -75521
47 10911 -75480
48 11221 -75119
32 11084 -71736
18 12750 -70453
13 17539 -64369
14 17202 -63973
19 17444 -62605
12 18266 -63278
8 18268 -63441
2 18394 -63113
34 19471 -61914
0 19004 -63091
5 18760 -61210
***世代 9200 適応度 max -328678.0 (7) mean -406838.31 時間 12:50:26.497607
21 20177 -60645
20 20445 -61354
10 49821 -46275
36 19798 -70407
46 11986 -81017
11 12070 -81698
25 -1026 -119174
42 -56387 -125985
27 -1402 -80001
37 -3597 -72224
35 -3526 -71985
4 -3491 -71792
31 -3445 -71077
38 -3982 -71069
43 -4503 -70793
49 -4024 -69211
28 -4433 -67550
29 -3898 -65982
16 -4295 -66731
3 -4547 -67314
15 -5496 -68337
7 -3507 -70617
6 -3411 -70868
17 -2975 -71651
45 -2838 -72244
33 -2820 -73641
39 -2235 -74526
40 -1595 -75305
41 5390 -74885
26 7542 -72510
22 7475 -71620
23 8089 -71939
24 8237 -71892
30 9747 -72793
1 8701 -76222
9 9022 -79395
44 10061 -75521
47 10911 -75480
48 11221 -75119
32 11084 -71736
18 12750 -70453
13 17539 -64369
14 17202 -63973
19 17444 -62605
12 18266 -63278
8 18268 -63441
2 18394 -63113
34 19471 -61914
0 19004 -63091
5 18760 -61210
***世代 9300 適応度 max -328678.0 (7) mean -405679.96 時間 12:50:33.945601
21 20177 -60645
20 20445 -61354
10 49821 -46275
36 19798 -70407
46 11986 -81017
11 12070 -81698
25 -1026 -119174
42 -56387 -125985
27 -1402 -80001
37 -3597 -72224
35 -3526 -71985
4 -3491 -71792
31 -3445 -71077
38 -3982 -71069
43 -4503 -70793
49 -4024 -69211
28 -4433 -67550
29 -3898 -65982
16 -4295 -66731
3 -4547 -67314
15 -5496 -68337
7 -3507 -70617
6 -3411 -70868
17 -2975 -71651
45 -2838 -72244
33 -2820 -73641
39 -2235 -74526
40 -1595 -75305
41 5390 -74885
26 7542 -72510
22 7475 -71620
23 8089 -71939
24 8237 -71892
30 9747 -72793
1 8701 -76222
9 9022 -79395
44 10061 -75521
47 10911 -75480
48 11221 -75119
32 11084 -71736
18 12750 -70453
13 17539 -64369
14 17202 -63973
19 17444 -62605
12 18266 -63278
8 18268 -63441
2 18394 -63113
34 19471 -61914
0 19004 -63091
5 18760 -61210
***世代 9400 適応度 max -328678.0 (7) mean -360609.44 時間 12:50:41.045855
21 20177 -60645
20 20445 -61354
10 49821 -46275
36 19798 -70407
46 11986 -81017
11 12070 -81698
25 -1026 -119174
42 -56387 -125985
27 -1402 -80001
37 -3597 -72224
35 -3526 -71985
4 -3491 -71792
31 -3445 -71077
38 -3982 -71069
43 -4503 -70793
49 -4024 -69211
28 -4433 -67550
29 -3898 -65982
16 -4295 -66731
3 -4547 -67314
15 -5496 -68337
7 -3507 -70617
6 -3411 -70868
17 -2975 -71651
45 -2838 -72244
33 -2820 -73641
39 -2235 -74526
40 -1595 -75305
41 5390 -74885
26 7542 -72510
22 7475 -71620
23 8089 -71939
24 8237 -71892
30 9747 -72793
1 8701 -76222
9 9022 -79395
44 10061 -75521
47 10911 -75480
48 11221 -75119
32 11084 -71736
18 12750 -70453
13 17539 -64369
14 17202 -63973
19 17444 -62605
12 18266 -63278
8 18268 -63441
2 18394 -63113
34 19471 -61914
0 19004 -63091
5 18760 -61210
***世代 9500 適応度 max -328678.0 (7) mean -434581.52 時間 12:50:48.354741
21 20177 -60645
20 20445 -61354
10 49821 -46275
36 19798 -70407
46 11986 -81017
11 12070 -81698
25 -1026 -119174
42 -56387 -125985
27 -1402 -80001
37 -3597 -72224
35 -3526 -71985
4 -3491 -71792
31 -3445 -71077
38 -3982 -71069
43 -4503 -70793
49 -4024 -69211
28 -4433 -67550
29 -3898 -65982
16 -4295 -66731
3 -4547 -67314
15 -5496 -68337
7 -3507 -70617
6 -3411 -70868
17 -2975 -71651
45 -2838 -72244
33 -2820 -73641
39 -2235 -74526
40 -1595 -75305
41 5390 -74885
26 7542 -72510
22 7475 -71620
23 8089 -71939
24 8237 -71892
30 9747 -72793
1 8701 -76222
9 9022 -79395
44 10061 -75521
47 10911 -75480
48 11221 -75119
32 11084 -71736
18 12750 -70453
13 17539 -64369
14 17202 -63973
19 17444 -62605
12 18266 -63278
8 18268 -63441
2 18394 -63113
34 19471 -61914
0 19004 -63091
5 18760 -61210
***世代 9600 適応度 max -328678.0 (7) mean -517822.19 時間 12:50:55.113833
21 20177 -60645
20 20445 -61354
10 49821 -46275
36 19798 -70407
46 11986 -81017
11 12070 -81698
25 -1026 -119174
42 -56387 -125985
27 -1402 -80001
37 -3597 -72224
35 -3526 -71985
4 -3491 -71792
31 -3445 -71077
38 -3982 -71069
43 -4503 -70793
49 -4024 -69211
28 -4433 -67550
29 -3898 -65982
16 -4295 -66731
3 -4547 -67314
15 -5496 -68337
7 -3507 -70617
6 -3411 -70868
17 -2975 -71651
45 -2838 -72244
33 -2820 -73641
39 -2235 -74526
40 -1595 -75305
41 5390 -74885
26 7542 -72510
22 7475 -71620
23 8089 -71939
24 8237 -71892
30 9747 -72793
1 8701 -76222
9 9022 -79395
44 10061 -75521
47 10911 -75480
48 11221 -75119
32 11084 -71736
18 12750 -70453
13 17539 -64369
14 17202 -63973
19 17444 -62605
12 18266 -63278
8 18268 -63441
2 18394 -63113
34 19471 -61914
0 19004 -63091
5 18760 -61210
***世代 9700 適応度 max -328678.0 (3) mean -338006.29 時間 12:51:02.833429
21 20177 -60645
20 20445 -61354
10 49821 -46275
36 19798 -70407
46 11986 -81017
11 12070 -81698
25 -1026 -119174
42 -56387 -125985
27 -1402 -80001
37 -3597 -72224
35 -3526 -71985
4 -3491 -71792
31 -3445 -71077
38 -3982 -71069
43 -4503 -70793
49 -4024 -69211
28 -4433 -67550
29 -3898 -65982
16 -4295 -66731
3 -4547 -67314
15 -5496 -68337
7 -3507 -70617
6 -3411 -70868
17 -2975 -71651
45 -2838 -72244
33 -2820 -73641
39 -2235 -74526
40 -1595 -75305
41 5390 -74885
26 7542 -72510
22 7475 -71620
23 8089 -71939
24 8237 -71892
30 9747 -72793
1 8701 -76222
9 9022 -79395
44 10061 -75521
47 10911 -75480
48 11221 -75119
32 11084 -71736
18 12750 -70453
13 17539 -64369
14 17202 -63973
19 17444 -62605
12 18266 -63278
8 18268 -63441
2 18394 -63113
34 19471 -61914
0 19004 -63091
5 18760 -61210
***世代 9800 適応度 max -326780.0 (23) mean -329325.5 時間 12:51:11.813733
21 20177 -60645
20 20445 -61354
10 49821 -46275
36 19798 -70407
46 11986 -81017
11 12070 -81698
25 -1026 -119174
42 -56387 -125985
27 -1402 -80001
37 -3597 -72224
35 -3526 -71985
4 -3491 -71792
31 -3445 -71077
38 -3982 -71069
43 -4503 -70793
49 -4024 -69211
28 -4433 -67550
29 -3898 -65982
16 -4295 -66731
3 -4547 -67314
15 -5496 -68337
7 -3507 -70617
6 -3411 -70868
17 -2975 -71651
45 -2838 -72244
33 -2820 -73641
39 -2235 -74526
40 -1595 -75305
41 5390 -74885
26 7542 -72510
22 7475 -71620
23 8089 -71939
24 8237 -71892
30 9747 -72793
1 8701 -76222
9 9022 -79395
44 10061 -75521
47 10911 -75480
48 11221 -75119
32 11084 -71736
18 12750 -70453
13 17539 -64369
14 17202 -63973
19 17444 -62605
12 18266 -63278
8 18268 -63441
2 18394 -63113
0 19004 -63091
34 19471 -61914
5 18760 -61210
***世代 9900 適応度 max -326218.0 (2) mean -329657.61 時間 12:51:20.265868
21 20177 -60645
20 20445 -61354
10 49821 -46275
36 19798 -70407
46 11986 -81017
11 12070 -81698
25 -1026 -119174
42 -56387 -125985
27 -1402 -80001
37 -3597 -72224
35 -3526 -71985
4 -3491 -71792
31 -3445 -71077
38 -3982 -71069
43 -4503 -70793
15 -5496 -68337
3 -4547 -67314
16 -4295 -66731
29 -3898 -65982
28 -4433 -67550
49 -4024 -69211
7 -3507 -70617
6 -3411 -70868
17 -2975 -71651
45 -2838 -72244
33 -2820 -73641
39 -2235 -74526
40 -1595 -75305
41 5390 -74885
26 7542 -72510
22 7475 -71620
23 8089 -71939
24 8237 -71892
30 9747 -72793
1 8701 -76222
9 9022 -79395
44 10061 -75521
47 10911 -75480
48 11221 -75119
32 11084 -71736
18 12750 -70453
13 17539 -64369
14 17202 -63973
19 17444 -62605
8 18268 -63441
12 18266 -63278
2 18394 -63113
0 19004 -63091
34 19471 -61914
5 18760 -61210
