36.861333                                                        
 36.925167                                                        
 36.883667                                                        
 36.894167                                                        
 36.900333                                                        
 36.898500                                                        
 36.919833                                                        
 36.891333                                                        
 36.879000                                                        
 36.875167                                                        
 36.874667                                                        
 36.808500                                                        
 36.913167                                                        
 36.926833                                                        
 36.926500                                                        
 36.891833                                                        
 36.813000                                                        
 36.874667                                                        
 36.875833                                                        
 36.958000                                                        
 36.907833                                                        
 36.877667                                                        
 36.875833                                                        
 36.890000                                                        
 36.893000                                                        
 36.924833                                                        
 36.921167                                                        
 36.920667                                                        
 36.919500                                                        
 36.904167                                                        
 36.919167                                                        
 36.892500                                                        
 36.898167                                                        
 36.935667                                                        
 36.893333                                                        
 36.959333                                                        
 36.893667                                                        
 36.889500                                                        
 36.880500                                                        
 36.892500                                                        
 36.921833                                                        
 36.877500                                                        
 36.881833                                                        
 36.884667                                                        
 36.894667                                                        
 36.893000                                                        
 36.893167                                                        
 36.905167                                                        
 36.959833                                                        
 36.880667                                                        

