出力レベル(負はファイル) -50 出力方法(0:適応度＋順番，1:適応度) 0
出力ファイル名 out1.txt 表示間隔 50
交叉方法 1 交叉確率 1.0 点 5 位置 0 方法 1 バイアス 0 ステップ 1
突然変異方法 1 突然変異率 0.03 幅 1 平均 0.0 標準偏差 1.0
エリート 2 方法 1 バイアス 0 ステップ 1
都市数 50 最大世代交代数 2000
近傍探索(0:行わない，1:行う) 0 近傍（2or3） 2
選択方法(0:最良，1:最初) 1
42 9
-20 7
24 28
-7 -17
27 -40
28 33
26 -1
-8 44
32 20
-35 -39
40 36
-6 20
-11 14
19 -20
9 45
-35 29
-37 4
48 32
-8 46
29 -33
6 43
-30 -49
34 22
25 -31
24 -7
-4 28
-18 -41
38 47
12 -34
-7 48
49 -4
-8 19
-38 -22
-26 7
2 -23
2 3
13 31
-49 -47
-41 -6
-13 -34
-4 -12
3 -48
10 -18
28 -9
-34 47
-29 -32
25 22
-42 49
37 -7
-28 13
