         984           395     36.876666999999998          139.40633299999999     
        1018          1005     36.877000000000002          139.41316699999999     
        1112           827     36.877833000000003          139.41116700000001     
        1240          1006     36.878999999999998          139.41316699999999     
        1040           410     36.877167000000000          139.40649999999999     
         705           855     36.874167000000000          139.41149999999999     
        6184          -293     36.923499999999997          139.39833300000001     
        6184          -204     36.923499999999997          139.39933300000001     
        6165           -71     36.923333000000000          139.40083300000001     
        3872          -229     36.902667000000001          139.39916700000001     
        3926           156     36.903167000000003          139.40350000000001     
        3964           -36     36.903500000000001          139.40133299999999     
        4277            83     36.906332999999997          139.40266700000001     
         613          5059     36.873500000000000          139.45866699999999     
        3927          -125     36.903167000000003          139.40033299999999     
