        1130           871     36.878000000000000          139.41166699999999     
        1518           918     36.881500000000003          139.41216700000001     
        1464           591     36.881000000000000          139.40850000000000     
         760           974     36.874667000000002          139.41283300000001     
         740          1256     36.874499999999998          139.41600000000000     
         520           839     36.872500000000002          139.41133300000001     
        1278           946     36.879333000000003          139.41249999999999     
         648          1048     36.873666999999998          139.41366700000000     
        1203          1050     36.878667000000000          139.41366700000000     
         778          1033     36.874833000000002          139.41350000000000     
        1333           917     36.879832999999998          139.41216700000001     
        1427           575     36.880667000000003          139.40833300000000     
         740          1271     36.874499999999998          139.41616700000000     
         778           944     36.874833000000002          139.41249999999999     
        1906           994     36.884999999999998          139.41300000000001     
        5981          -428     36.921666999999999          139.39683299999999     
        6056          -591     36.922333000000002          139.39500000000001     
        6203          -323     36.923667000000002          139.39800000000000     
        6276          -219     36.924332999999997          139.39916700000001     
        5981          -398     36.921666999999999          139.39716700000000     
        6074          -487     36.922499999999999          139.39616699999999     
        5779          -637     36.919832999999997          139.39449999999999     
        6403           330     36.925500000000000          139.40533300000001     
        5724          -726     36.919333000000002          139.39349999999999     
        5944          -413     36.921332999999997          139.39699999999999     
        2370           580     36.889167000000000          139.40833300000000     
        1055          1064     36.877333000000000          139.41383300000001     
       10212         -3332     36.959667000000003          139.36400000000000     
