         483           898     36.872166999999997          139.41200000000001     
        1298           530     36.879500000000000          139.40783300000001     
        1223           619     36.878833000000000          139.40883299999999     
        1167           872     36.878332999999998          139.41166699999999     
        1130           797     36.878000000000000          139.41083300000000     
        1021           499     36.877000000000002          139.40750000000000     
         666          1196     36.873832999999998          139.41533300000000     
         906          1286     36.875999999999998          139.41633300000001     
         611          1047     36.873333000000002          139.41366700000000     
         926          1019     36.876167000000002          139.41333299999999     
         557           780     36.872833000000000          139.41066699999999     
         723           959     36.874333000000000          139.41266700000000     
         464           928     36.872000000000000          139.41233299999999     
         574          1107     36.872999999999998          139.41433300000000     
         777          1301     36.874833000000002          139.41650000000001     
         556          1077     36.872833000000000          139.41399999999999     
         778          1063     36.874833000000002          139.41383300000001     
         500          1166     36.872332999999998          139.41499999999999     
         740          1107     36.874499999999998          139.41433300000000     
        1484           308     36.881166999999998          139.40533300000001     
         650           706     36.873666999999998          139.40983299999999     
         278          1194     36.870333000000002          139.41533300000000     
         444          1299     36.871833000000002          139.41650000000001     
         796          1063     36.875000000000000          139.41383300000001     
         426          1091     36.871667000000002          139.41416699999999     
         352          1225     36.871000000000002          139.41566700000001     
         371           927     36.871167000000000          139.41233299999999     
         945           930     36.876333000000002          139.41233299999999     
        1167           886     36.878332999999998          139.41183300000000     
         888          1093     36.875833000000000          139.41416699999999     
         649           973     36.873666999999998          139.41283300000001     
        -963          1709     36.859166999999999          139.42116700000000     
        -777          1576     36.860833000000000          139.41966700000000     
        2873          -100     36.893667000000001          139.40066700000000     
        1908           667     36.884999999999998          139.40933300000000     
        2330          1307     36.888832999999998          139.41650000000001     
         111          1298     36.868833000000002          139.41650000000001     
        2703           685     36.892167000000001          139.40950000000001     
        5981          -443     36.921666999999999          139.39666700000001     
        3162          1385     36.896332999999998          139.41733300000001     
        5666          -162     36.918832999999999          139.39983300000000     
       -3213           272     36.838833000000001          139.40516700000001     
        2833           567     36.893332999999998          139.40816699999999     
         874           216     36.875667000000000          139.40433300000001     
        5185           -90     36.914499999999997          139.40066700000000     
        1944           741     36.885333000000003          139.41016700000000     
         865          2311     36.875667000000000          139.42783299999999     
        1278           931     36.879333000000003          139.41233299999999     
        -870          1754     36.859999999999999          139.42166700000001     
        3223           138     36.896833000000001          139.40333300000000     
        1048          2728     36.877333000000000          139.43250000000000     
        1073          1302     36.877499999999998          139.41650000000001     
        6168          -754     36.923333000000000          139.39316700000001     
        6556          -633     36.926833000000002          139.39449999999999     
        1535          1378     36.881667000000000          139.41733300000001     
        7365           246     36.934167000000002          139.40433300000001     
        5296          -104     36.915500000000002          139.40049999999999     
         318           437     36.870666999999997          139.40683300000001     
        2589          1368     36.891167000000003          139.41716700000001     
        2389           595     36.889333000000001          139.40850000000000     
        1123          2357     36.878000000000000          139.42833300000001     
        3520          -187     36.899500000000003          139.39966699999999     
        6313          -129     36.924666999999999          139.40016700000001     
         255          2205     36.870167000000002          139.42666700000001     
        2297           475     36.888500000000001          139.40716699999999     
        6315          -545     36.924666999999999          139.39550000000000     
        7295          -526     36.933500000000002          139.39566700000000     
        2296           624     36.888500000000001          139.40883299999999     
        1243           486     36.878999999999998          139.40733299999999     
        6591          -202     36.927166999999997          139.39933300000001     
        -148          1534     36.866500000000002          139.41916699999999     
         204          1209     36.869667000000000          139.41550000000001     
        6643           435     36.927667000000000          139.40649999999999     
        5816          -740     36.920166999999999          139.39333300000001     
        2756          1146     36.892667000000003          139.41466700000001     
        6187          -887     36.923499999999997          139.39166700000001     
        6222          -427     36.923833000000002          139.39683299999999     
        1199          2001     36.878667000000000          139.42433299999999     
        6129          -427     36.923000000000002          139.39683299999999     
        5459           475     36.917000000000002          139.40700000000001     
        5778          -488     36.919832999999997          139.39616699999999     
        4705          -389     36.910167000000001          139.39733300000000     
       -2424          1762     36.845999999999997          139.42183299999999     
        2056           638     36.886333000000000          139.40899999999999     
        5034           413     36.913167000000001          139.40633299999999     
        4609           308     36.909332999999997          139.40516700000001     
        6036          -220     36.922167000000002          139.39916700000001     
       -2715           602     36.843333000000001          139.40883299999999     
        5999          -279     36.921832999999999          139.39850000000001     
        5515           371     36.917499999999997          139.40583300000000     
         590          1671     36.873167000000002          139.42066700000001     
        1521           353     36.881500000000003          139.40583300000000     
         -55          1282     36.867333000000002          139.41633300000001     
         202          1625     36.869667000000000          139.42016699999999     
        6091          -145     36.922666999999997          139.40000000000001     
        -373          2291     36.864500000000000          139.42766700000001     
        2495          1650     36.890332999999998          139.42033300000000     
        6186          -590     36.923499999999997          139.39500000000001     
        3259           331     36.897167000000003          139.40549999999999     
        5110           -31     36.913832999999997          139.40133299999999     
        1561          -359     36.881833000000000          139.39783299999999     
        2820          -665     36.893166999999998          139.39433299999999     
        3003          -367     36.894832999999998          139.39766700000001     
        2929          -308     36.894167000000003          139.39833300000001     
        2421          1709     36.889667000000003          139.42099999999999     
        -360          -665     36.864500000000000          139.39449999999999     
        1477          1809     36.881166999999998          139.42216700000000     
        5385           638     36.916333000000002          139.40883299999999     
        4926          -240     36.912166999999997          139.39900000000000     
         490          -735     36.872166999999997          139.39366699999999     
        1363          2566     36.880167000000000          139.43066700000000     
       -4955          1201     36.823166999999998          139.41566700000001     
        2163          1440     36.887332999999998          139.41800000000001     
        1760           592     36.883667000000003          139.40850000000000     
        5978           358     36.921666999999999          139.40566699999999     
        5350           207     36.915999999999997          139.40400000000000     
        -408          1875     36.864167000000002          139.42300000000000     
       -2471          -199     36.845500000000001          139.39983300000000     
       -2009          -152     36.849666999999997          139.40033299999999     
       -2631          2564     36.844166999999999          139.43083300000001     
       -3443          2130     36.836832999999999          139.42599999999999     
        4354          -406     36.906999999999996          139.39716700000000     
       -1806           -62     36.851500000000001          139.40133299999999     
        2572           922     36.890999999999998          139.41216700000001     
        1573          1096     36.881999999999998          139.41416699999999     
        2888           582     36.893833000000001          139.40833300000000     
        4315          -109     36.906666999999999          139.40049999999999     
       -1995           872     36.849832999999997          139.41183300000000     
        1445           813     36.880833000000003          139.41100000000000     
        6222          -501     36.923833000000002          139.39599999999999     
        6331          -129     36.924833000000000          139.40016700000001     
        5110            72     36.913832999999997          139.40250000000000     
        2571          1205     36.890999999999998          139.41533300000000     
        5813            60     36.920166999999999          139.40233300000000     
        2834           314     36.893332999999998          139.40533300000001     
        5404           356     36.916499999999999          139.40566699999999     
         312          1789     36.870666999999997          139.42200000000000     
        6390          -767     36.925333000000002          139.39300000000000     
        5349           311     36.915999999999997          139.40516700000001     
        1498          1244     36.881332999999998          139.41583299999999     
        2256          1307     36.888167000000003          139.41650000000001     
        5591           -73     36.918166999999997          139.40083300000001     
        2164          1262     36.887332999999998          139.41600000000000     
        2093           564     36.886667000000003          139.40816699999999     
        2711         -1052     36.892167000000001          139.38999999999999     
        6389          -649     36.925333000000002          139.39433299999999     
        6296          -515     36.924500000000002          139.39583300000001     
        1228          -331     36.878833000000000          139.39816700000000     
        2686           343     36.892000000000003          139.40566699999999     
        2016          1351     36.886000000000003          139.41700000000000     
        1631           487     36.882500000000000          139.40733299999999     
        6239          -234     36.923999999999999          139.39900000000000     
        2037           742     36.886167000000000          139.41016700000000     
          38          5428     36.868333000000000          139.46283299999999     
        1253          2402     36.879167000000002          139.42883300000000     
         762           469     36.874667000000002          139.40716699999999     
         392           348     36.871333000000000          139.40583300000000     
        2738          1042     36.892499999999998          139.41350000000000     
        1001           707     36.876832999999998          139.40983299999999     
       -3368          1877     36.837499999999999          139.42316700000001     
        6166          -323     36.923333000000000          139.39800000000000     
        1168           693     36.878332999999998          139.40966700000001     
         630           958     36.873500000000000          139.41266700000000     
        6167          -605     36.923333000000000          139.39483300000001     
        5685          -251     36.918999999999997          139.39883300000000     
        5202           117     36.914667000000001          139.40299999999999     
        5018          -135     36.912999999999997          139.40016700000001     
        6203          -456     36.923667000000002          139.39650000000000     
        5833          -265     36.920332999999999          139.39866699999999     
        2090          1217     36.886667000000003          139.41550000000001     
        6183          -115     36.923499999999997          139.40033299999999     
        4832           101     36.911332999999999          139.40283299999999     
        4853          -463     36.911499999999997          139.39650000000000     
        5462          -118     36.917000000000002          139.40033299999999     
       -2008          -286     36.849666999999997          139.39883300000000     
       -1933          -523     36.850332999999999          139.39616699999999     
       -2323          -198     36.846832999999997          139.39983300000000     
        6351          -278     36.924999999999997          139.39850000000001     
        2633          -265     36.891500000000001          139.39883300000000     
        4447          -494     36.907832999999997          139.39616699999999     
        6186          -783     36.923499999999997          139.39283300000000     
        6166          -293     36.923333000000000          139.39833300000001     
        5813           -28     36.920166999999999          139.40133299999999     
        5333          -193     36.915832999999999          139.39949999999999     
        5944          -458     36.921332999999997          139.39650000000000     
         947           336     36.876333000000002          139.40566699999999     
        4723          -211     36.910333000000001          139.39933300000001     
        2183          1099     36.887500000000003          139.41416699999999     
        -377         -1036     36.864333000000002          139.39033300000000     
        6055          -442     36.922333000000002          139.39666700000001     
        5389          -297     36.916333000000002          139.39833300000001     
        7550           321     36.935833000000002          139.40516700000001     
        5018           -31     36.912999999999997          139.40133299999999     
        2369           936     36.889167000000000          139.41233299999999     
        6296          -501     36.924500000000002          139.39599999999999     
       -1126          1025     36.857666999999999          139.41350000000000     
        4021          -437     36.904000000000003          139.39683299999999     
       -4843           994     36.824167000000003          139.41333299999999     
        1533          1720     36.881667000000000          139.42116700000000     
       -4992          1157     36.822833000000003          139.41516700000000     
         646          1568     36.873666999999998          139.41950000000000     
       -4808          1261     36.824500000000000          139.41633300000001     
       -2175          -242     36.848166999999997          139.39933300000001     
        2904          1176     36.893999999999998          139.41499999999999     
        2458          1709     36.890000000000001          139.42099999999999     
       -2901           854     36.841667000000001          139.41166699999999     
        2201          1173     36.887667000000000          139.41499999999999     
        2701          1161     36.892167000000001          139.41483299999999     
        2908           330     36.893999999999998          139.40549999999999     
         615           304     36.873333000000002          139.40533300000001     
        1980           979     36.885666999999998          139.41283300000001     
        4889          -166     36.911833000000001          139.39983300000000     
        2533          1531     36.890667000000001          139.41900000000001     
        -723          1889     36.861333000000002          139.42316700000001     
        6407          -530     36.925500000000000          139.39566700000000     
        -553          5515     36.863000000000000          139.46383299999999     
         398          -944     36.871333000000000          139.39133300000000     
        5090           265     36.913666999999997          139.40466699999999     
       10011         -3764     36.957833000000001          139.35916700000001     
        2515          1219     36.890500000000003          139.41550000000001     
       -4881          1216     36.823833000000000          139.41583299999999     
        2238          1129     36.887999999999998          139.41450000000000     
        3648           288     36.900666999999999          139.40500000000000     
        1423          1601     36.880667000000003          139.41983300000001     
        2798           121     36.893000000000001          139.40316700000000     
        4650          -523     36.909666999999999          139.39583300000001     
        3554           615     36.899833000000001          139.40866700000001     
        2703           641     36.892167000000001          139.40899999999999     
        3756          1002     36.901667000000003          139.41300000000001     
        2962           582     36.894500000000001          139.40833300000000     
        6332          -174     36.924833000000000          139.39966699999999     
        4835          -418     36.911332999999999          139.39699999999999     
        1109          1451     36.877833000000003          139.41816700000001     
        2780            32     36.892833000000003          139.40216699999999     
       -2531           885     36.844999999999999          139.41200000000001     
        6425          -441     36.925666999999997          139.39666700000001     
        -998          1308     36.858832999999997          139.41666699999999     
        2575           298     36.890999999999998          139.40516700000001     
        5608           297     36.918332999999997          139.40500000000000     
        5778          -548     36.919832999999997          139.39550000000000     
        4576          -390     36.908999999999999          139.39733300000000     
        3094           152     36.895667000000003          139.40350000000001     
        6460           123     36.926000000000002          139.40299999999999     
        2000           608     36.885832999999998          139.40866700000001     
        2701          1057     36.892167000000001          139.41366700000000     
        5000          -239     36.912832999999999          139.39900000000000     
        -926          1724     36.859499999999997          139.42133300000000     
        4463            10     36.908000000000001          139.40183300000001     
        1291          2194     36.879500000000000          139.42650000000000     
        1326          2625     36.879832999999998          139.43133300000000     
        6386           -40     36.925333000000002          139.40116699999999     
         -28          -574     36.867500000000000          139.39550000000000     
         900         -1387     36.875833000000000          139.38633300000001     
       -4993          1484     36.822833000000003          139.41883300000001     
       -5086          1587     36.822000000000003          139.41999999999999     
        4741          -151     36.910499999999999          139.40000000000001     
        4704          -255     36.910167000000001          139.39883300000000     
        1796           800     36.884000000000000          139.41083300000000     
        -589           908     36.862499999999997          139.41216700000001     
        6757          -261     36.928666999999997          139.39866699999999     
        6000          -443     36.921832999999999          139.39666700000001     
       -3470           -99     36.836500000000001          139.40100000000001     
        2501           283     36.890332999999998          139.40500000000000     
         639          3276     36.873666999999998          139.43866700000001     
        7162           200     36.932333000000000          139.40383299999999     
        1229          3635     36.878999999999998          139.44266700000000     
        2595            76     36.891167000000003          139.40266700000001     
        5034           473     36.913167000000001          139.40700000000001     
        6443          -292     36.925832999999997          139.39833300000001     
        2311          1530     36.888666999999998          139.41900000000001     
        5998          -116     36.921832999999999          139.40033299999999     
        1519           665     36.881500000000003          139.40933300000000     
        6075          -724     36.922499999999999          139.39349999999999     
        7146          -259     36.932167000000000          139.39866699999999     
        5389          -356     36.916333000000002          139.39766700000001     
        6072           -56     36.922499999999999          139.40100000000001     
         863          2742     36.875667000000000          139.43266700000001     
        6556          -633     36.926833000000002          139.39449999999999     
        5537          -341     36.917667000000002          139.39783299999999     
        1760           636     36.883667000000003          139.40899999999999     
       -4826          1142     36.824333000000003          139.41499999999999     
         928          5046     36.876333000000002          139.45849999999999     
        6555          -559     36.926833000000002          139.39533299999999     
        -870          1665     36.859999999999999          139.42066700000001     
        6611          -544     36.927332999999997          139.39550000000000     
       -4714           935     36.825333000000001          139.41266700000000     
        3646           793     36.900666999999999          139.41066699999999     
        -812          1115     36.860500000000002          139.41450000000000     
       -4845          1321     36.824167000000003          139.41700000000000     
       -4883          1603     36.823833000000000          139.42016699999999     
        1028          3040     36.877167000000000          139.43600000000001     
        6260          -753     36.924166999999997          139.39316700000001     
        6500          -559     36.926333000000000          139.39533299999999     
        6129          -412     36.923000000000002          139.39699999999999     
       -5196          1275     36.820999999999998          139.41650000000001     
        6685          -514     36.927999999999997          139.39583300000001     
        5776             1     36.919832999999997          139.40166700000000     
        1234          2462     36.878999999999998          139.42949999999999     
        5074          -165     36.913499999999999          139.39983300000000     
        5498           178     36.917332999999999          139.40366700000001     
        6163           196     36.923333000000000          139.40383299999999     
       -2685          2371     36.843667000000003          139.42866699999999     
        3813           556     36.902166999999999          139.40799999999999     
        6500          -515     36.926333000000000          139.39583300000001     
        5461            59     36.917000000000002          139.40233300000000     
       -3123           986     36.839666999999999          139.41316699999999     
         965           544     36.876500000000000          139.40799999999999     
         682          1776     36.874000000000002          139.42183299999999     
        2427           342     36.889667000000003          139.40566699999999     
        5406           -89     36.916499999999999          139.40066700000000     
         905          1584     36.875999999999998          139.41966700000000     
         973          3025     36.876666999999998          139.43583300000000     
        6389          -663     36.925333000000002          139.39416700000001     
        4723          -359     36.910333000000001          139.39766700000001     
       -5013          1647     36.822667000000003          139.42066700000001     
        4816          -448     36.911166999999999          139.39666700000001     
        5203           -75     36.914667000000001          139.40083300000001     
        1065          3011     36.877499999999998          139.43566700000000     
        6462          -440     36.926000000000002          139.39666700000001     
        6518          -440     36.926499999999997          139.39666700000001     
        5999          -205     36.921832999999999          139.39933300000001     
        2626          1249     36.891500000000001          139.41583299999999     
        3031          1756     36.895167000000001          139.42150000000001     
        1271          2373     36.879333000000003          139.42850000000001     
        6019          -561     36.921999999999997          139.39533299999999     
        6443          -292     36.925832999999997          139.39833300000001     
        2811          1265     36.893166999999998          139.41600000000000     
        1333           917     36.879832999999998          139.41216700000001     
        2390           298     36.889333000000001          139.40516700000001     
        2317           193     36.888666999999998          139.40400000000000     
        2075           504     36.886499999999998          139.40750000000000     
        2166           817     36.887332999999998          139.41100000000000     
        -905          1174     36.859667000000002          139.41516700000000     
         617          -170     36.873333000000002          139.40000000000001     
         578           126     36.872999999999998          139.40333300000000     
        -722          1651     36.861333000000002          139.42050000000000     
        2481           699     36.890166999999998          139.40966700000001     
        1759           770     36.883667000000003          139.41050000000001     
        5962          -324     36.921500000000002          139.39800000000000     
        1327          2343     36.879832999999998          139.42816700000000     
        6186          -724     36.923499999999997          139.39349999999999     
        4868           502     36.911667000000001          139.40733299999999     
        4667          -256     36.909832999999999          139.39883300000000     
        6093          -502     36.922666999999997          139.39599999999999     
        2647           685     36.891666999999998          139.40950000000001     
       -3379           227     36.837333000000001          139.40466699999999     
        2053          1232     36.886333000000000          139.41566700000001     
         832          5862     36.875500000000002          139.46766700000001     
        3089          1088     36.895667000000003          139.41399999999999     
        5425          -163     36.916666999999997          139.39983300000000     
         677          3098     36.874000000000002          139.43666700000000     
        2570          1353     36.890999999999998          139.41700000000000     
        4851           116     36.911499999999997          139.40299999999999     
         620          3232     36.873500000000000          139.43816699999999     
        3130           360     36.896000000000001          139.40583300000000     
        6165          -100     36.923333000000000          139.40049999999999     
        2275          1292     36.888333000000003          139.41633300000001     
        1370          5359     36.880333000000000          139.46199999999999     
       -4347          1754     36.828667000000003          139.42183299999999     
        -185          1505     36.866166999999997          139.41883300000001     
        5925          -324     36.921166999999997          139.39800000000000     
        2553          1026     36.890833000000001          139.41333299999999     
        2794          1042     36.893000000000001          139.41350000000000     
       -2881           482     36.841833000000001          139.40750000000000     
       -2704          2385     36.843499999999999          139.42883300000000     
        4279          -153     36.906332999999997          139.40000000000001     
       -4236          1651     36.829667000000001          139.42066700000001     
        2259           668     36.888167000000003          139.40933300000000     
        2239          1025     36.887999999999998          139.41333299999999     
        1104          2624     36.877833000000003          139.43133300000000     
         573          5921     36.873167000000002          139.46833300000000     
        2222           757     36.887833000000001          139.41033300000001     
        6019          -532     36.921999999999997          139.39566700000000     
        2663          1235     36.891832999999998          139.41566700000001     
         633           319     36.873500000000000          139.40549999999999     
        9973         -3660     36.957500000000003          139.36033300000000     
         858          -303     36.875500000000002          139.39850000000001     
         782            23     36.874833000000002          139.40216699999999     
       -4995          1840     36.822833000000003          139.42283300000000     
       -5105          1602     36.821832999999998          139.42016699999999     
       -5031          1647     36.822499999999998          139.42066700000001     
       -4753          1485     36.825000000000003          139.41883300000001     
       -4827          1410     36.824333000000003          139.41800000000001     
        2219          1411     36.887833000000001          139.41766699999999     
        2052          1410     36.886333000000000          139.41766699999999     
       -1861            -3     36.850999999999999          139.40199999999999     
         834           974     36.875332999999998          139.41283300000001     
        5794            31     36.920000000000002          139.40199999999999     
        5981          -264     36.921666999999999          139.39866699999999     
        -962          1635     36.859166999999999          139.42033300000000     
        7717           158     36.937333000000002          139.40333300000000     
       -4846          1544     36.824167000000003          139.41950000000000     
        2428            60     36.889667000000003          139.40250000000000     
        2293          1441     36.888500000000001          139.41800000000001     
        5852          -458     36.920499999999997          139.39650000000000     
        4498           455     36.908332999999999          139.40683300000001     
         645          1820     36.873666999999998          139.42233300000001     
       -4496          1828     36.827333000000003          139.42266699999999     
        6422           241     36.925666999999997          139.40433300000001     
        9973         -3571     36.957500000000003          139.36133300000000     
        4741          -151     36.910499999999999          139.40000000000001     
        1592          1007     36.882167000000003          139.41316699999999     
       -1054          1531     36.858333000000002          139.41916699999999     
         632           542     36.873500000000000          139.40799999999999     
        6092          -412     36.922666999999997          139.39699999999999     
         841         -4478     36.875166999999998          139.35166699999999     
         839          -243     36.875332999999998          139.39916700000001     
        2126          1470     36.887000000000000          139.41833299999999     
        3853          -200     36.902500000000003          139.39949999999999     
        6222          -560     36.923833000000002          139.39533299999999     
        1058          4719     36.877499999999998          139.45483300000001     
        4298          -361     36.906500000000001          139.39766700000001     
        6167          -486     36.923333000000000          139.39616699999999     
        6221          -204     36.923833000000002          139.39933300000001     
        6111          -457     36.922832999999997          139.39650000000000     
        1344          2789     36.880000000000003          139.43316700000000     
        5739           -73     36.919499999999999          139.40083300000001     
        4409          -316     36.907499999999999          139.39816700000000     
        5148          -268     36.914166999999999          139.39866699999999     
         541           215     36.872667000000000          139.40433300000001     
         150           822     36.869166999999997          139.41116700000001     
         910           499     36.875999999999998          139.40750000000000     
        7292           216     36.933500000000002          139.40400000000000     
        4501          -286     36.908332999999999          139.39850000000001     
        2797           255     36.893000000000001          139.40466699999999     
        6036          -264     36.922167000000002          139.39866699999999     
        6591          -336     36.927166999999997          139.39783299999999     
        2219          1337     36.887833000000001          139.41683300000000     
        6517          -381     36.926499999999997          139.39733300000000     
        6555          -410     36.926833000000002          139.39699999999999     
       10632         -2306     36.963500000000003          139.37549999999999     
       10540         -2307     36.962667000000003          139.37549999999999     
        -357          2737     36.864666999999997          139.43266700000001     
        6035            47     36.922167000000002          139.40216699999999     
        6667          -707     36.927833000000000          139.39366699999999     
        3575             6     36.899999999999999          139.40183300000001     
        3557           -82     36.899833000000001          139.40083300000001     
        6055          -398     36.922333000000002          139.39716700000000     
        3556            80     36.899833000000001          139.40266700000001     
        6036          -309     36.922167000000002          139.39816700000000     
        4203           276     36.905667000000001          139.40483300000000     
        5962          -131     36.921500000000002          139.40016700000001     
       10930          1301     36.966332999999999          139.41600000000000     
        -558          2246     36.862833000000002          139.42716700000000     
