483 898
1298 530
1223 619
1167 872
1130 797
1021 499
666 1196
906 1286
611 1047
926 1019
557 780
723 959
464 928
574 1107
777 1301
556 1077
778 1063
500 1166
740 1107
1484 308
650 706
278 1194
444 1299
796 1063
426 1091
352 1225
371 927
945 930
1167 886
888 1093
649 973
-963 1709
-777 1576
2873 -100
1908 667
2330 1307
111 1298
2703 685
5981 -443
3162 1385
5666 -162
-3213 272
2833 567
874 216
5185 -90
1944 741
865 2311
1278 931
-870 1754
3223 138
1048 2728
1073 1302
6168 -754
6556 -633
1535 1378
7365 246
5296 -104
318 437
2589 1368
2389 595
1123 2357
3520 -187
6313 -129
255 2205
2297 475
6315 -545
7295 -526
2296 624
1243 486
6591 -202
-148 1534
204 1209
6643 435
5816 -740
2756 1146
6187 -887
6222 -427
1199 2001
6129 -427
5459 475
5778 -488
4705 -389
-2424 1762
2056 638
5034 413
4609 308
6036 -220
-2715 602
5999 -279
5515 371
590 1671
1521 353
-55 1282
202 1625
6091 -145
-373 2291
2495 1650
6186 -590
3259 331
5110 -31
1561 -359
2820 -665
3003 -367
2929 -308
2421 1709
-360 -665
1477 1809
5385 638
4926 -240
490 -735
1363 2566
-4955 1201
2163 1440
1760 592
5978 358
5350 207
-408 1875
-2471 -199
-2009 -152
-2631 2564
-3443 2130
4354 -406
-1806 -62
2572 922
1573 1096
2888 582
4315 -109
-1995 872
1445 813
6222 -501
6331 -129
5110 72
2571 1205
5813 60
2834 314
5404 356
312 1789
6390 -767
5349 311
1498 1244
2256 1307
5591 -73
2164 1262
2093 564
2711 -1052
6389 -649
6296 -515
1228 -331
2686 343
2016 1351
1631 487
6239 -234
2037 742
38 5428
1253 2402
762 469
392 348
2738 1042
1001 707
-3368 1877
6166 -323
1168 693
630 958
6167 -605
5685 -251
5202 117
5018 -135
6203 -456
5833 -265
2090 1217
6183 -115
4832 101
4853 -463
5462 -118
-2008 -286
-1933 -523
-2323 -198
6351 -278
2633 -265
4447 -494
6186 -783
6166 -293
5813 -28
5333 -193
5944 -458
947 336
4723 -211
2183 1099
-377 -1036
6055 -442
5389 -297
7550 321
5018 -31
2369 936
6296 -501
-1126 1025
4021 -437
-4843 994
1533 1720
-4992 1157
646 1568
-4808 1261
-2175 -242
2904 1176
2458 1709
-2901 854
2201 1173
2701 1161
2908 330
615 304
1980 979
4889 -166
2533 1531
-723 1889
6407 -530
-553 5515
398 -944
5090 265
10011 -3764
2515 1219
-4881 1216
2238 1129
3648 288
1423 1601
2798 121
4650 -523
3554 615
2703 641
3756 1002
2962 582
6332 -174
4835 -418
1109 1451
2780 32
-2531 885
6425 -441
-998 1308
2575 298
5608 297
5778 -548
4576 -390
3094 152
6460 123
2000 608
2701 1057
5000 -239
-926 1724
4463 10
1291 2194
1326 2625
6386 -40
-28 -574
900 -1387
-4993 1484
-5086 1587
4741 -151
4704 -255
1796 800
-589 908
6757 -261
6000 -443
-3470 -99
2501 283
639 3276
7162 200
1229 3635
2595 76
5034 473
6443 -292
2311 1530
5998 -116
1519 665
6075 -724
7146 -259
5389 -356
6072 -56
863 2742
6556 -633
5537 -341
1760 636
-4826 1142
928 5046
6555 -559
-870 1665
6611 -544
-4714 935
3646 793
-812 1115
-4845 1321
-4883 1603
1028 3040
6260 -753
6500 -559
6129 -412
-5196 1275
6685 -514
5776 1
1234 2462
5074 -165
5498 178
6163 196
-2685 2371
3813 556
6500 -515
5461 59
-3123 986
965 544
682 1776
2427 342
5406 -89
905 1584
973 3025
6389 -663
4723 -359
-5013 1647
4816 -448
5203 -75
1065 3011
6462 -440
6518 -440
5999 -205
2626 1249
3031 1756
1271 2373
6019 -561
6443 -292
2811 1265
1333 917
2390 298
2317 193
2075 504
2166 817
-905 1174
617 -170
578 126
-722 1651
2481 699
1759 770
5962 -324
1327 2343
6186 -724
4868 502
4667 -256
6093 -502
2647 685
-3379 227
2053 1232
832 5862
3089 1088
5425 -163
677 3098
2570 1353
4851 116
620 3232
3130 360
6165 -100
2275 1292
1370 5359
-4347 1754
-185 1505
5925 -324
2553 1026
2794 1042
-2881 482
-2704 2385
4279 -153
-4236 1651
2259 668
2239 1025
1104 2624
573 5921
2222 757
6019 -532
2663 1235
633 319
9973 -3660
858 -303
782 23
-4995 1840
-5105 1602
-5031 1647
-4753 1485
-4827 1410
2219 1411
2052 1410
-1861 -3
834 974
5794 31
5981 -264
-962 1635
7717 158
-4846 1544
2428 60
2293 1441
5852 -458
4498 455
645 1820
-4496 1828
6422 241
9973 -3571
4741 -151
1592 1007
-1054 1531
632 542
6092 -412
841 -4478
839 -243
2126 1470
3853 -200
6222 -560
1058 4719
4298 -361
6167 -486
6221 -204
6111 -457
1344 2789
5739 -73
4409 -316
5148 -268
541 215
150 822
910 499
7292 216
4501 -286
2797 255
6036 -264
6591 -336
2219 1337
6517 -381
6555 -410
10632 -2306
10540 -2307
-357 2737
6035 47
6667 -707
3575 6
3557 -82
6055 -398
3556 80
6036 -309
4203 276
5962 -131
10930 1301
-558 2246
