          11         -1079     36.867832999999997          139.38983300000001     
         -44         -1020     36.867333000000002          139.39050000000000     
        2554           952     36.890833000000001          139.41249999999999     
        2146          1024     36.887166999999998          139.41333299999999     
        2128          1054     36.887000000000000          139.41366700000000     
        2441          1249     36.889833000000003          139.41583299999999     
        2367          1456     36.889167000000000          139.41816700000001     
         595           646     36.873167000000002          139.40916700000000     
        8179           249     36.941499999999998          139.40433300000001     
        1426           754     36.880667000000003          139.41033300000001     
        1198          2268     36.878667000000000          139.42733300000000     
       -4310          1635     36.829000000000001          139.42050000000000     
        2643          1680     36.891666999999998          139.42066700000001     
        6518          -470     36.926499999999997          139.39633300000000     
        6905          -275     36.930000000000000          139.39850000000001     
        2440          1501     36.889833000000003          139.41866700000000     
        5536          -177     36.917667000000002          139.39966699999999     
        6463          -648     36.926000000000002          139.39433299999999     
         650           765     36.873666999999998          139.41050000000001     
         908          5239     36.876167000000002          139.46066700000000     
        4258           247     36.906167000000003          139.40450000000001     
        1327          2343     36.879832999999998          139.42816700000000     
        6072           -71     36.922499999999999          139.40083300000001     
        5851          -220     36.920499999999997          139.39916700000001     
        1667           785     36.882832999999998          139.41066699999999     
        1161          2120     36.878332999999998          139.42566700000000     
        -646          1250     36.862000000000002          139.41600000000000     
        4423           663     36.907666999999996          139.40916700000000     
         185          1239     36.869500000000002          139.41583299999999     
        1445           694     36.880833000000003          139.40966700000001     
        2908           181     36.893999999999998          139.40383299999999     
         374          4806     36.871333000000000          139.45583300000001     
        1760           636     36.883667000000003          139.40899999999999     
         355          4880     36.871167000000000          139.45666700000001     
         502          4984     36.872500000000002          139.45783299999999     
        1319          4215     36.879832999999998          139.44916699999999     
         392          4939     36.871499999999997          139.45733300000001     
         429          4747     36.871833000000002          139.45516699999999     
        7754           292     36.937666999999998          139.40483300000000     
          77          5027     36.868667000000002          139.45833300000001     
        6314          -397     36.924666999999999          139.39716700000000     
        1203          1124     36.878667000000000          139.41450000000000     
        1641          2344     36.882666999999998          139.42816700000000     
        3495          5813     36.899500000000003          139.46700000000001     
        1426           843     36.880667000000003          139.41133300000001     
        1364          2343     36.880167000000000          139.42816700000000     
        1345          2403     36.880000000000003          139.42883300000000     
        1315           842     36.879666999999998          139.41133300000001     
        1456          2433     36.881000000000000          139.42916700000001     
        1669           220     36.882832999999998          139.40433300000001     
        6353          -886     36.924999999999997          139.39166700000001     
        1686           562     36.883000000000003          139.40816699999999     
        7513           276     36.935499999999998          139.40466699999999     
        1419          2462     36.880667000000003          139.42949999999999     
        -229         -1095     36.865667000000002          139.38966700000000     
          35          6305     36.868333000000000          139.47266700000000     
        2259           579     36.888167000000003          139.40833300000000     
        5903           625     36.920999999999999          139.40866700000001     
        3685           155     36.901000000000003          139.40350000000001     
        7162           260     36.932333000000000          139.40450000000001     
        2701           997     36.892167000000001          139.41300000000001     
        6666          -573     36.927833000000000          139.39516699999999     
        6109          -101     36.922832999999997          139.40049999999999     
        5943          -146     36.921332999999997          139.40000000000001     
        6091          -219     36.922666999999997          139.39916700000001     
        1686           502     36.883000000000003          139.40750000000000     
        1205           649     36.878667000000000          139.40916700000000     
        -858         -1083     36.859999999999999          139.38983300000001     
        -692          -949     36.861499999999999          139.39133300000000     
        6832          -365     36.929333000000000          139.39750000000001     
        9917         -3452     36.957000000000001          139.36266699999999     
       10009         -3526     36.957833000000001          139.36183299999999     
        2478          1353     36.890166999999998          139.41700000000000     
        5480            44     36.917166999999999          139.40216699999999     
        5498            14     36.917332999999999          139.40183300000001     
         286         -4481     36.870167000000002          139.35166699999999     
        1370           917     36.880167000000000          139.41216700000001     
        2590          1041     36.891167000000003          139.41350000000000     
        6388          -277     36.925333000000002          139.39850000000001     
        2812          1072     36.893166999999998          139.41383300000001     
        -525          -993     36.863000000000000          139.39083299999999     
        2387           922     36.889333000000001          139.41216700000001     
        1573          1037     36.881999999999998          139.41350000000000     
        5219           488     36.914833000000002          139.40716699999999     
        2169           103     36.887332999999998          139.40299999999999     
        1549          2374     36.881833000000000          139.42850000000001     
         115          4745     36.869000000000000          139.45516699999999     
         598          -215     36.873167000000002          139.39949999999999     
        2758           656     36.892667000000003          139.40916700000000     
        5925          -250     36.921166999999997          139.39883300000000     
        2424          1070     36.889667000000003          139.41383300000001     
        5722          -266     36.919333000000002          139.39866699999999     
        3592           466     36.900167000000003          139.40700000000001     
       -5983          3754     36.814000000000000          139.44433300000000     
        5612          -519     36.918332999999997          139.39583300000001     
        1909           266     36.884999999999998          139.40483300000000     
        2114           103     36.886833000000003          139.40299999999999     
          77          4968     36.868667000000002          139.45766699999999     
        5978           254     36.921666999999999          139.40450000000001     
       -4049          1235     36.831333000000001          139.41600000000000     
        2351           684     36.889000000000003          139.40950000000001     
        2406           951     36.889499999999998          139.41249999999999     
        5406            14     36.916499999999999          139.40183300000001     
        2166           861     36.887332999999998          139.41149999999999     
        5569           772     36.917999999999999          139.41033300000001     
         740          5788     36.874667000000002          139.46683300000001     
        2461           966     36.890000000000001          139.41266700000000     
        2200          1366     36.887667000000000          139.41716700000001     
        2849          1087     36.893500000000003          139.41399999999999     
       -1479          1321     36.854500000000002          139.41683300000000     
        2497          1204     36.890332999999998          139.41533300000000     
        2405          1040     36.889499999999998          139.41350000000000     
        2442          1130     36.889833000000003          139.41450000000000     
        3811           957     36.902166999999999          139.41249999999999     
        5259          -238     36.915166999999997          139.39900000000000     
        5797          -518     36.920000000000002          139.39583300000001     
        2590          1056     36.891167000000003          139.41366700000000     
       -6884          2561     36.805833000000000          139.43100000000001     
        2552          1398     36.890833000000001          139.41749999999999     
       10047         -3645     36.958167000000003          139.36050000000000     
        7960          -300     36.939500000000002          139.39816700000000     
        2535           937     36.890667000000001          139.41233299999999     
         273          2309     36.870333000000002          139.42783299999999     
        4574          -122     36.908999999999999          139.40033299999999     
        2126          1366     36.887000000000000          139.41716700000001     
        1406          1170     36.880499999999998          139.41499999999999     
        3593           140     36.900167000000003          139.40333300000000     
        6203          -263     36.923667000000002          139.39866699999999     
        4573            70     36.908999999999999          139.40250000000000     
        1686          5078     36.883167000000000          139.45883300000000     
        2481           580     36.890166999999998          139.40833300000000     
        6556          -633     36.926833000000002          139.39449999999999     
        3001           167     36.894832999999998          139.40366700000001     
        6297          -590     36.924500000000002          139.39500000000001     
        6407          -530     36.925500000000000          139.39566700000000     
        4098          7910     36.905000000000001          139.49050000000000     
        1970          8274     36.885832999999998          139.49466699999999     
        6148          -486     36.923166999999999          139.39616699999999     
         685          5654     36.874167000000000          139.46533299999999     
        2634          -532     36.891500000000001          139.39583300000001     
        7697           648     36.937167000000002          139.40883299999999     
        5926          -547     36.921166999999997          139.39550000000000     
        2241           594     36.887999999999998          139.40850000000000     
         984           514     36.876666999999998          139.40766700000000     
         977          2059     36.876666999999998          139.42500000000001     
        1913          3816     36.885167000000003          139.44466700000001     
        3262          -351     36.897167000000003          139.39783299999999     
        1912          3876     36.885167000000003          139.44533300000001     
        1931          3891     36.885333000000003          139.44550000000001     
         598          -140     36.873167000000002          139.40033299999999     
        1802          3846     36.884166999999998          139.44499999999999     
        1120          3174     36.878000000000000          139.43750000000000     
        1708          4024     36.883333000000000          139.44700000000000     
        2922          1251     36.894167000000003          139.41583299999999     
        7642           336     36.936667000000000          139.40533300000001     
        2479          1219     36.890166999999998          139.41550000000001     
        2423          1338     36.889667000000003          139.41683300000000     
        3445           109     36.898833000000003          139.40299999999999     
        2165           921     36.887332999999998          139.41216700000001     
        6721          -350     36.928333000000002          139.39766700000001     
       -6625          2473     36.808166999999997          139.43000000000001     
        6018          -398     36.921999999999997          139.39716700000000     
        3150          -129     36.896166999999998          139.40033299999999     
        1801          3950     36.884166999999998          139.44616700000000     
        1118          3620     36.878000000000000          139.44250000000000     
         319          4701     36.870832999999998          139.45466700000000     
        2057           266     36.886333000000000          139.40483300000000     
        1802          3682     36.884166999999998          139.44316699999999     
        1407          5315     36.880667000000003          139.46150000000000     
        1838          4069     36.884500000000003          139.44749999999999     
         282          4582     36.870500000000000          139.45333299999999     
        7531           410     36.935667000000002          139.40616700000001     
        2371           446     36.889167000000000          139.40683300000001     
        1949          3935     36.885500000000000          139.44600000000000     
         963          5432     36.876666999999998          139.46283299999999     
        1728          3830     36.883499999999998          139.44483299999999     
        2554           863     36.890833000000001          139.41149999999999     
       10451         -3064     36.961832999999999          139.36699999999999     
       10247         -2946     36.960000000000001          139.36833300000001     
        7644             9     36.936667000000000          139.40166700000000     
        1240          1110     36.878999999999998          139.41433300000000     
        1745          4009     36.883667000000003          139.44683300000000     
         447          5088     36.872000000000000          139.45900000000000     
         916          3441     36.876167000000002          139.44049999999999     
        6464          -827     36.926000000000002          139.39233300000001     
        6611          -692     36.927332999999997          139.39383300000000     
        1050          2268     36.877333000000000          139.42733300000000     
        6426          -663     36.925666999999997          139.39416700000001     
        2042          3906     36.886333000000000          139.44566699999999     
        6389          -663     36.925333000000002          139.39416700000001     
        5832           -72     36.920332999999999          139.40083300000001     
        6648          -633     36.927667000000000          139.39449999999999     
        6462          -485     36.926000000000002          139.39616699999999     
        2817            77     36.893166999999998          139.40266700000001     
        2647           834     36.891666999999998          139.41116700000001     
        2737          1235     36.892499999999998          139.41566700000001     
         948           202     36.876333000000002          139.40416700000000     
        2127          1307     36.887000000000000          139.41650000000001     
        6850          -290     36.929499999999997          139.39833300000001     
        6389          -515     36.925333000000002          139.39583300000001     
        1987          3832     36.885832999999998          139.44483299999999     
         391          5162     36.871499999999997          139.45983300000000     
       -1446          2331     36.854832999999999          139.42816700000000     
       -6059          4200     36.813333000000000          139.44933300000000     
        6261          -842     36.924166999999997          139.39216700000000     
        6407          -381     36.925500000000000          139.39733300000000     
        2411          -177     36.889499999999998          139.39983300000000     
        7916          1258     36.939166999999998          139.41566700000001     
        2477          1457     36.890166999999998          139.41816700000001     
         713          8135     36.874499999999998          139.49316700000000     
       -2771           810     36.842832999999999          139.41116700000001     
         483          5252     36.872332999999998          139.46083300000001     
        1214          2848     36.878833000000000          139.43383299999999     
        3835          -200     36.902332999999999          139.39949999999999     
        5591            59     36.918166999999997          139.40233300000000     
       10484         -2203     36.962167000000001          139.37666700000000     
       10908         -2023     36.966000000000001          139.37866700000001     
        6018          -383     36.921999999999997          139.39733300000000     
       10802          1033     36.965167000000001          139.41300000000001     
        5369             0     36.916167000000002          139.40166700000000     
        2076           296     36.886499999999998          139.40516700000001     
        4851            12     36.911499999999997          139.40183300000001     
        4500           -93     36.908332999999999          139.40066700000000     
       10929          1479     36.966332999999999          139.41800000000001     
       10708          1389     36.964333000000003          139.41700000000000     
        5498            29     36.917332999999999          139.40199999999999     
        4333            98     36.906832999999999          139.40283299999999     
