11 -1079
-44 -1020
2554 952
2146 1024
2128 1054
2441 1249
2367 1456
595 646
8179 249
1426 754
1198 2268
-4310 1635
2643 1680
6518 -470
6905 -275
2440 1501
5536 -177
6463 -648
650 765
908 5239
4258 247
1327 2343
6072 -71
5851 -220
1667 785
1161 2120
-646 1250
4423 663
185 1239
1445 694
2908 181
374 4806
1760 636
355 4880
502 4984
1319 4215
392 4939
429 4747
7754 292
77 5027
6314 -397
1203 1124
1641 2344
3495 5813
1426 843
1364 2343
1345 2403
1315 842
1456 2433
1669 220
6353 -886
1686 562
7513 276
1419 2462
-229 -1095
35 6305
2259 579
5903 625
3685 155
7162 260
2701 997
6666 -573
6109 -101
5943 -146
6091 -219
1686 502
1205 649
-858 -1083
-692 -949
6832 -365
9917 -3452
10009 -3526
2478 1353
5480 44
5498 14
286 -4481
1370 917
2590 1041
6388 -277
2812 1072
-525 -993
2387 922
1573 1037
5219 488
2169 103
1549 2374
115 4745
598 -215
2758 656
5925 -250
2424 1070
5722 -266
3592 466
-5983 3754
5612 -519
1909 266
2114 103
77 4968
5978 254
-4049 1235
2351 684
2406 951
5406 14
2166 861
5569 772
740 5788
2461 966
2200 1366
2849 1087
-1479 1321
2497 1204
2405 1040
2442 1130
3811 957
5259 -238
5797 -518
2590 1056
-6884 2561
2552 1398
10047 -3645
7960 -300
2535 937
273 2309
4574 -122
2126 1366
1406 1170
3593 140
6203 -263
4573 70
1686 5078
2481 580
6556 -633
3001 167
6297 -590
6407 -530
4098 7910
1970 8274
6148 -486
685 5654
2634 -532
7697 648
5926 -547
2241 594
984 514
977 2059
1913 3816
3262 -351
1912 3876
1931 3891
598 -140
1802 3846
1120 3174
1708 4024
2922 1251
7642 336
2479 1219
2423 1338
3445 109
2165 921
6721 -350
-6625 2473
6018 -398
3150 -129
1801 3950
1118 3620
319 4701
2057 266
1802 3682
1407 5315
1838 4069
282 4582
7531 410
2371 446
1949 3935
963 5432
1728 3830
2554 863
10451 -3064
10247 -2946
7644 9
1240 1110
1745 4009
447 5088
916 3441
6464 -827
6611 -692
1050 2268
6426 -663
2042 3906
6389 -663
5832 -72
6648 -633
6462 -485
2817 77
2647 834
2737 1235
948 202
2127 1307
6850 -290
6389 -515
1987 3832
391 5162
-1446 2331
-6059 4200
6261 -842
6407 -381
2411 -177
7916 1258
2477 1457
713 8135
-2771 810
483 5252
1214 2848
3835 -200
5591 59
10484 -2203
10908 -2023
6018 -383
10802 1033
5369 0
2076 296
4851 12
4500 -93
10929 1479
10708 1389
5498 29
4333 98
