        6555          -485     36.926833000000002          139.39616699999999     
        5645           282     36.918666999999999          139.40483300000000     
        6556          -826     36.926833000000002          139.39233300000001     
        4353          -227     36.906999999999996          139.39916700000001     
        2356          -266     36.889000000000003          139.39883300000000     
        2256          1426     36.888167000000003          139.41783300000000     
        1678          2463     36.883000000000003          139.42949999999999     
        6426          -559     36.925666999999997          139.39533299999999     
       -1053          1322     36.858333000000002          139.41683300000000     
        1585          2523     36.882167000000003          139.43016700000001     
        1622          2478     36.882500000000000          139.42966699999999     
         558         -3410     36.872667000000000          139.36366699999999     
       10176         -3644     36.959333000000001          139.36050000000000     
         336          5088     36.871000000000002          139.45900000000000     
        1549          2329     36.881833000000000          139.42800000000000     
        6536          -470     36.926667000000002          139.39633300000000     
        3665           541     36.900832999999999          139.40783300000001     
        1474          2477     36.881166999999998          139.42966699999999     
         816           796     36.875166999999998          139.41083300000000     
        1153          4200     36.878332999999998          139.44900000000001     
        2481           595     36.890166999999998          139.40850000000000     
        6184          -323     36.923499999999997          139.39800000000000     
        1362          2759     36.880167000000000          139.43283299999999     
        6295          -248     36.924500000000002          139.39883300000000     
        6406          -203     36.925500000000000          139.39933300000001     
        1622          2537     36.882500000000000          139.43033299999999     
        3242           153     36.896999999999998          139.40350000000001     
        5425          -163     36.916666999999997          139.39983300000000     
        6610          -395     36.927332999999997          139.39716700000000     
        6555          -440     36.926833000000002          139.39666700000001     
        7384           320     36.934333000000002          139.40516700000001     
        5590           223     36.918166999999997          139.40416700000000     
        6761         -1018     36.928666999999997          139.39016699999999     
        -722          1725     36.861333000000002          139.42133300000000     
        3461          5234     36.899166999999998          139.46050000000000     
        -498          5634     36.863500000000002          139.46516700000001     
        3687          -186     36.901000000000003          139.39966699999999     
        2648           551     36.891666999999998          139.40799999999999     
         318           422     36.870666999999997          139.40666700000000     
        6944          -691     36.930332999999997          139.39383300000000     
       -1350          1395     36.855666999999997          139.41766699999999     
        7037          -675     36.931167000000002          139.39400000000001     
        2647           804     36.891666999999998          139.41083300000000     
        6204          -620     36.923667000000002          139.39466700000000     
        5109           250     36.913832999999997          139.40450000000001     
        1417         -1162     36.880499999999998          139.38883300000001     
        2054          1113     36.886333000000000          139.41433300000000     
        -963          1754     36.859166999999999          139.42166700000001     
        6282         -1406     36.924332999999997          139.38583299999999     
        5331           207     36.915832999999999          139.40400000000000     
        1384          1868     36.880333000000000          139.42283300000000     
        1324         -1058     36.879666999999998          139.38999999999999     
        3677          1997     36.901000000000003          139.42416700000001     
       -6585          1700     36.808500000000002          139.42133300000000     
       -6753          1997     36.807000000000002          139.42466700000000     
        3407           287     36.898499999999999          139.40500000000000     
        2762           -56     36.892667000000003          139.40116699999999     
       -6733          1684     36.807167000000000          139.42116700000000     
        3219          1029     36.896833000000001          139.41333299999999     
        2877          3092     36.893833000000001          139.43650000000000     
        3094           -40     36.895667000000003          139.40133299999999     
       -6828          2368     36.806333000000002          139.42883300000000     
        2216          1931     36.887833000000001          139.42349999999999     
        2646           982     36.891666999999998          139.41283300000001     
        2608          1279     36.891333000000003          139.41616700000000     
        5647          -118     36.918666999999999          139.40033299999999     
        4479           500     36.908166999999999          139.40733299999999     
        5628           -73     36.918500000000002          139.40083300000001     
        1074           945     36.877499999999998          139.41249999999999     
        2518           551     36.890500000000003          139.40799999999999     
        4019            97     36.904000000000003          139.40283299999999     
        2386          1144     36.889333000000001          139.41466700000001     
        4224          -376     36.905833000000001          139.39750000000001     
        2261           297     36.888167000000003          139.40516700000001     
         611          1047     36.873333000000002          139.41366700000000     
        2093           608     36.886667000000003          139.40866700000001     
         -88          4893     36.867167000000002          139.45683299999999     
        6630          -662     36.927500000000002          139.39416700000001     
        5794           164     36.920000000000002          139.40350000000001     
        1183          5893     36.878667000000000          139.46799999999999     
       10028         -3600     36.957999999999998          139.36099999999999     
       10269         -3629     36.960166999999998          139.36066700000001     
       10066         -3689     36.958333000000003          139.36000000000001     
        -793          5470     36.860833000000000          139.46333300000001     
       10065         -3541     36.958333000000003          139.36166700000001     
         914          -377     36.875999999999998          139.39766700000001     
        1060          4303     36.877499999999998          139.45016699999999     
        9806         -3423     36.956000000000003          139.36300000000000     
       10064         -3422     36.958333000000003          139.36300000000000     
       10102         -3585     36.958666999999998          139.36116699999999     
        1246          3992     36.879167000000002          139.44666699999999     
        1475          2314     36.881166999999998          139.42783299999999     
        2199          1634     36.887667000000000          139.42016699999999     
        2996          1192     36.894832999999998          139.41516700000000     
        6352          -693     36.924999999999997          139.39383300000000     
        2383          1798     36.889333000000001          139.42200000000000     
        6334          -723     36.924833000000000          139.39349999999999     
        6720          -217     36.928333000000002          139.39916700000001     
        6682           109     36.927999999999997          139.40283299999999     
        1210          3903     36.878833000000000          139.44566699999999     
        6461          -143     36.926000000000002          139.40000000000001     
        2985          -338     36.894666999999998          139.39800000000000     
        4444            39     36.907832999999997          139.40216699999999     
         517          1508     36.872500000000002          139.41883300000001     
        1209          3918     36.878833000000000          139.44583299999999     
        4462            84     36.908000000000001          139.40266700000001     
       10378         -3272     36.961167000000003          139.36466700000000     
        9954         -3497     36.957332999999998          139.36216700000000     
        1773          1751     36.883833000000003          139.42150000000001     
        1288          2863     36.879500000000000          139.43400000000000     
        1156          3397     36.878332999999998          139.44000000000000     
         424          1656     36.871667000000002          139.42050000000000     
        2295           847     36.888500000000001          139.41133300000001     
        1796           696     36.884000000000000          139.40966700000001     
        6536          -396     36.926667000000002          139.39716700000000     
        2610           759     36.891333000000003          139.41033300000001     
        6186          -694     36.923499999999997          139.39383300000000     
        4186          -169     36.905500000000004          139.39983300000000     
        4130           -65     36.905000000000001          139.40100000000001     
        3167           212     36.896332999999998          139.40416700000000     
        3411          -440     36.898499999999999          139.39683299999999     
        4039          -229     36.904167000000001          139.39916700000001     
        2258           966     36.888167000000003          139.41266700000000     
        2091           965     36.886667000000003          139.41266700000000     
        4536            84     36.908667000000001          139.40266700000001     
        4537           -33     36.908667000000001          139.40133299999999     
