6555 -485
5645 282
6556 -826
4353 -227
2356 -266
2256 1426
1678 2463
6426 -559
-1053 1322
1585 2523
1622 2478
558 -3410
10176 -3644
336 5088
1549 2329
6536 -470
3665 541
1474 2477
816 796
1153 4200
2481 595
6184 -323
1362 2759
6295 -248
6406 -203
1622 2537
3242 153
5425 -163
6610 -395
6555 -440
7384 320
5590 223
6761 -1018
-722 1725
3461 5234
-498 5634
3687 -186
2648 551
318 422
6944 -691
-1350 1395
7037 -675
2647 804
6204 -620
5109 250
1417 -1162
2054 1113
-963 1754
6282 -1406
5331 207
1384 1868
1324 -1058
3677 1997
-6585 1700
-6753 1997
3407 287
2762 -56
-6733 1684
3219 1029
2877 3092
3094 -40
-6828 2368
2216 1931
2646 982
2608 1279
5647 -118
4479 500
5628 -73
1074 945
2518 551
4019 97
2386 1144
4224 -376
2261 297
611 1047
2093 608
-88 4893
6630 -662
5794 164
1183 5893
10028 -3600
10269 -3629
10066 -3689
-793 5470
10065 -3541
914 -377
1060 4303
9806 -3423
10064 -3422
10102 -3585
1246 3992
1475 2314
2199 1634
2996 1192
6352 -693
2383 1798
6334 -723
6720 -217
6682 109
1210 3903
6461 -143
2985 -338
4444 39
517 1508
1209 3918
4462 84
10378 -3272
9954 -3497
1773 1751
1288 2863
1156 3397
424 1656
2295 847
1796 696
6536 -396
2610 759
6186 -694
4186 -169
4130 -65
3167 212
3411 -440
4039 -229
2258 966
2091 965
4536 84
4537 -33
