        1909           325     36.884999999999998          139.40549999999999     
         738          6367     36.874667000000002          139.47333300000000     
        6016           150     36.921999999999997          139.40333300000000     
       -3380           495     36.837333000000001          139.40766700000000     
         773          6873     36.875000000000000          139.47900000000001     
       10121         -3689     36.958832999999998          139.36000000000001     
        -737          5203     36.861333000000002          139.46033299999999     
        6371          -708     36.925167000000002          139.39366699999999     
        1758          1112     36.883667000000003          139.41433300000000     
        2923          1072     36.894167000000003          139.41383300000001     
        3597          3407     36.900333000000003          139.44000000000000     
        3405           852     36.898499999999999          139.41133300000001     
        5779          -607     36.919832999999997          139.39483300000001     
        2609           952     36.891333000000003          139.41249999999999     
        1228          3932     36.878999999999998          139.44600000000000     
         791          6828     36.875166999999998          139.47850000000000     
         738          6382     36.874667000000002          139.47350000000000     
       -6585          1640     36.808500000000002          139.42066700000001     
        5037          -239     36.913167000000001          139.39900000000000     
        6556          -752     36.926833000000002          139.39316700000001     
        6519          -797     36.926499999999997          139.39266699999999     
        2670          -220     36.891832999999998          139.39933300000001     
       -6086          1702     36.813000000000002          139.42133300000000     
         734          7303     36.874667000000002          139.48383300000000     
         864          7155     36.875833000000000          139.48216700000000     
       10026         -3111     36.957999999999998          139.36650000000000     
        4444           173     36.907832999999997          139.40366700000001     
        1084          2922     36.877667000000002          139.43466699999999     
         881          2921     36.875833000000000          139.43466699999999     
        2462           699     36.890000000000001          139.40966700000001     
        2796           626     36.893000000000001          139.40883299999999     
        6335          -946     36.924833000000000          139.39099999999999     
        5925          -235     36.921166999999997          139.39900000000000     
        5870          -399     36.920667000000002          139.39716700000000     
        5741          -488     36.919499999999999          139.39616699999999     
        4038          -214     36.904167000000001          139.39933300000001     
        5703          -310     36.919167000000002          139.39816700000000     
        2739           908     36.892499999999998          139.41200000000001     
        3368           777     36.898167000000001          139.41050000000001     
        7531           484     36.935667000000002          139.40700000000001     
        2830          1206     36.893332999999998          139.41533300000000     
       10174         -3169     36.959333000000001          139.36583300000001     
        2868           998     36.893667000000001          139.41300000000001     
        2388          5200     36.889499999999998          139.46016700000001     
        1394          4007     36.880499999999998          139.44683300000000     
        2735          1799     36.892499999999998          139.42200000000000     
        5999          -309     36.921832999999999          139.39816700000000     
        1064          3278     36.877499999999998          139.43866700000001     
        1543          3785     36.881833000000000          139.44433300000000     
        1866          1825     36.884667000000000          139.42233300000001     
        2986          -545     36.894666999999998          139.39566700000000     
        2800          -383     36.893000000000001          139.39750000000001     
        2819          -576     36.893166999999998          139.39533299999999     
        4148           172     36.905166999999999          139.40366700000001     
       10230         -3243     36.959833000000003          139.36500000000001     
        1413          4007     36.880667000000003          139.44683300000000     
        -495           522     36.863332999999997          139.40783300000001     
        2288          2615     36.888500000000001          139.43116699999999     
        1557           368     36.881833000000000          139.40600000000001     
        4388            99     36.907333000000001          139.40283299999999     
        1613           309     36.882333000000003          139.40533300000001     
         699          6664     36.874333000000000          139.47666699999999     
        5908          -532     36.920999999999999          139.39566700000000     
        6258          -352     36.924166999999997          139.39766700000001     
       10194         -3466     36.959499999999998          139.36250000000001     
       10137         -3229     36.959000000000003          139.36516700000001     
         241          1090     36.869999999999997          139.41416699999999     
         617          -229     36.873333000000002          139.39933300000001     
         561          -141     36.872833000000000          139.40033299999999     
         691          -140     36.874000000000002          139.40033299999999     
        9953         -3230     36.957332999999998          139.36516700000001     
        2460          1145     36.890000000000001          139.41466700000001     
        4743          -597     36.910499999999999          139.39500000000001     
        4131          -184     36.905000000000001          139.39966699999999     
        3964          -185     36.903500000000001          139.39966699999999     
        3927            -6     36.903167000000003          139.40166700000000     
        4371           -49     36.907167000000001          139.40116699999999     
        2129           861     36.887000000000000          139.41149999999999     
        4519           -63     36.908499999999997          139.40100000000001     
