1909 325
738 6367
6016 150
-3380 495
773 6873
10121 -3689
-737 5203
6371 -708
1758 1112
2923 1072
3597 3407
3405 852
5779 -607
2609 952
1228 3932
791 6828
738 6382
-6585 1640
5037 -239
6556 -752
6519 -797
2670 -220
-6086 1702
734 7303
864 7155
10026 -3111
4444 173
1084 2922
881 2921
2462 699
2796 626
6335 -946
5925 -235
5870 -399
5741 -488
4038 -214
5703 -310
2739 908
3368 777
7531 484
2830 1206
10174 -3169
2868 998
2388 5200
1394 4007
2735 1799
5999 -309
1064 3278
1543 3785
1866 1825
2986 -545
2800 -383
2819 -576
4148 172
10230 -3243
1413 4007
-495 522
2288 2615
1557 368
4388 99
1613 309
699 6664
5908 -532
6258 -352
10194 -3466
10137 -3229
241 1090
617 -229
561 -141
691 -140
9953 -3230
2460 1145
4743 -597
4131 -184
3964 -185
3927 -6
4371 -49
2129 861
4519 -63
