        1056           812     36.877333000000000          139.41100000000000     
        5921           640     36.921166999999997          139.40883299999999     
         262          5102     36.870333000000002          139.45916700000001     
        3999           230     36.903832999999999          139.40433300000001     
         764           -95     36.874667000000002          139.40083300000001     
        2812          1176     36.893166999999998          139.41499999999999     
        2198          1827     36.887667000000000          139.42233300000001     
        3464           -23     36.899000000000001          139.40150000000000     
        2254          1842     36.888167000000003          139.42250000000001     
        6386           108     36.925333000000002          139.40283299999999     
        5686          -474     36.918999999999997          139.39633300000000     
        5203          -179     36.914667000000001          139.39966699999999     
         765          -214     36.874667000000002          139.39949999999999     
         132          5132     36.869166999999997          139.45949999999999     
         281          4880     36.870500000000000          139.45666700000001     
         280          4984     36.870500000000000          139.45783299999999     
         281          4776     36.870500000000000          139.45550000000000     
        -850          1442     36.860166999999997          139.41816700000001     
         114          5057     36.869000000000000          139.45866699999999     
       10101         -3244     36.958666999999998          139.36500000000001     
        1012          2386     36.877000000000002          139.42866699999999     
       10174         -3140     36.959333000000001          139.36616699999999     
       10063         -3110     36.958333000000003          139.36650000000000     
       10065         -3556     36.958333000000003          139.36150000000001     
         701          6352     36.874333000000000          139.47316699999999     
        1131          4942     36.878166999999998          139.45733300000001     
        6056          -517     36.922333000000002          139.39583300000001     
        1462          5419     36.881166999999998          139.46266700000001     
        2532          1754     36.890667000000001          139.42150000000001     
         618          -467     36.873333000000002          139.39666700000001     
       10192         -3065     36.959499999999998          139.36699999999999     
       10212         -3421     36.959667000000003          139.36300000000000     
        1413          3963     36.880667000000003          139.44633300000001     
       10343         -3658     36.960833000000001          139.36033300000000     
         765          -303     36.874667000000002          139.39850000000001     
       10120         -3407     36.958832999999998          139.36316700000000     
       10156         -3258     36.959167000000001          139.36483300000000     
        2390           327     36.889333000000001          139.40549999999999     
        1132          4853     36.878166999999998          139.45633300000000     
        5723          -548     36.919333000000002          139.39550000000000     
        1186           753     36.878500000000003          139.41033300000001     
        1295          1243     36.879500000000000          139.41583299999999     
        1295          1199     36.879500000000000          139.41533300000000     
        3962           260     36.903500000000001          139.40466699999999     
         445          5445     36.872000000000000          139.46299999999999     
         296          5667     36.870666999999997          139.46549999999999     
        5963          -458     36.921500000000002          139.39650000000000     
        4093            38     36.904667000000003          139.40216699999999     
        1095          4898     36.877833000000003          139.45683299999999     
       10248         -3124     36.960000000000001          139.36633300000000     
       10137         -3169     36.959000000000003          139.36583300000001     
        6073          -294     36.922499999999999          139.39833300000001     
       10234         -4000     36.959833000000003          139.35650000000001     
         279          5474     36.870500000000000          139.46333300000001     
        3723             6     36.901333000000001          139.40183300000001     
        1900          2450     36.884999999999998          139.42933300000001     
        5479           237     36.917166999999999          139.40433300000001     
        2423          1174     36.889667000000003          139.41499999999999     
        -217          4818     36.866000000000000          139.45599999999999     
       10340         -3035     36.960833000000001          139.36733300000000     
         985          4511     36.876832999999998          139.45249999999999     
        2423          1174     36.889667000000003          139.41499999999999     
         920          7037     36.876333000000002          139.48083299999999     
        6185          -397     36.923499999999997          139.39716700000000     
        1428          4765     36.880833000000003          139.45533300000000     
        3371           124     36.898167000000001          139.40316700000000     
       10304         -3272     36.960500000000003          139.36466700000000     
        5667          -489     36.918832999999999          139.39616699999999     
        3335          -128     36.897832999999999          139.40033299999999     
        3300          3688     36.897666999999998          139.44316699999999     
         540          4777     36.872833000000000          139.45550000000000     
       10156         -3273     36.959167000000001          139.36466700000000     
        1051          2015     36.877333000000000          139.42449999999999     
        5631          -652     36.918500000000002          139.39433299999999     
        3944           201     36.903333000000003          139.40400000000000     
        4594          -315     36.909166999999997          139.39816700000000     
