        5627           312     36.918500000000002          139.40516700000001     
        5646           223     36.918666999999999          139.40416700000000     
        5774           372     36.919832999999997          139.40583300000000     
        5684           -28     36.918999999999997          139.40133299999999     
        2979          1043     36.894666999999998          139.41350000000000     
        3052          1192     36.895333000000001          139.41516700000000     
        3616          3289     36.900500000000001          139.43866700000001     
        1302          3918     36.879666999999998          139.44583299999999     
        3334            49     36.897832999999999          139.40233300000000     
        4186          -109     36.905500000000004          139.40049999999999     
        5589           416     36.918166999999997          139.40633299999999     
        4667          -241     36.909832999999999          139.39900000000000     
        6018          -279     36.921999999999997          139.39850000000001     
         225          4983     36.869999999999997          139.45783299999999     
          77          4894     36.868667000000002          139.45683299999999     
         373          5029     36.871333000000000          139.45833300000001     
         262          5073     36.870333000000002          139.45883300000000     
        1504          4216     36.881500000000003          139.44916699999999     
        4779          -285     36.910832999999997          139.39850000000001     
        6535          -217     36.926667000000002          139.39916700000001     
        4926           -76     36.912166999999997          139.40083300000001     
        6517          -188     36.926499999999997          139.39949999999999     
         278          5563     36.870500000000000          139.46433300000001     
          59          4790     36.868499999999997          139.45566700000001     
         132          5161     36.869166999999997          139.45983300000000     
         243          5117     36.870167000000002          139.45933299999999     
         151          4998     36.869332999999997          139.45800000000000     
         744          4629     36.874667000000002          139.45383300000000     
        6164           -26     36.923333000000000          139.40133299999999     
        6627           -24     36.927500000000002          139.40133299999999     
        -907          1754     36.859667000000002          139.42166700000001     
        4630          -107     36.909500000000001          139.40049999999999     
         917          3144     36.876167000000002          139.43716699999999     
         715          2801     36.874333000000000          139.43333300000000     
        6315          -560     36.924666999999999          139.39533299999999     
       10064         -3378     36.958333000000003          139.36349999999999     
        1000           930     36.876832999999998          139.41233299999999     
         724          4985     36.874499999999998          139.45783299999999     
        1111           916     36.877833000000003          139.41216700000001     
        5480            74     36.917166999999999          139.40250000000000     
        4613          -419     36.909332999999997          139.39699999999999     
        7440             8     36.934832999999998          139.40166700000000     
        4555            85     36.908833000000001          139.40266700000001     
        3555           243     36.899833000000001          139.40450000000001     
        6335          -961     36.924833000000000          139.39083299999999     
        5295           -45     36.915500000000002          139.40116699999999     
