        3446            -9     36.898833000000003          139.40166700000000     
        2089          1455     36.886667000000003          139.41816700000001     
        2252          2169     36.888167000000003          139.42616699999999     
        2161          1901     36.887332999999998          139.42316700000001     
        2068          2079     36.886499999999998          139.42516699999999     
        -328          4818     36.865000000000002          139.45599999999999     
        8139          1021     36.941167000000000          139.41300000000001     
        4944          -180     36.912332999999997          139.39966699999999     
        8523          1988     36.944667000000003          139.42383300000000     
        6242          -738     36.923999999999999          139.39333300000001     
        6204          -546     36.923667000000002          139.39550000000000     
        5651          -890     36.918666999999999          139.39166700000001     
        1687           280     36.883000000000003          139.40500000000000     
         989          -584     36.876666999999998          139.39533299999999     
         334          5519     36.871000000000002          139.46383299999999     
         225          4969     36.869999999999997          139.45766699999999     
        2423          1189     36.889667000000003          139.41516700000000     
        9542          1577     36.953833000000003          139.41916699999999     
        1420          2284     36.880667000000003          139.42750000000001     
        6111          -516     36.922832999999997          139.39583300000001     
        2161          1931     36.887332999999998          139.42349999999999     
         224          5340     36.869999999999997          139.46183300000001     
        2308          2050     36.888666999999998          139.42483300000001     
        -125          4893     36.866833000000000          139.45683299999999     
        2615          -280     36.891333000000003          139.39866699999999     
         724          5030     36.874499999999998          139.45833300000001     
        2093         -3476     36.886499999999998          139.36283299999999     
        9635          1503     36.954667000000001          139.41833299999999     
         761          5015     36.874833000000002          139.45816700000000     
        7805          1138     36.938167000000000          139.41433300000000     
        5331           296     36.915832999999999          139.40500000000000     
        1939          1945     36.885333000000003          139.42366699999999     
        5612          -608     36.918332999999997          139.39483300000001     
        5462          -133     36.917000000000002          139.40016700000001     
        6389          -515     36.925333000000002          139.39583300000001     
       -4919          5840     36.823667000000000          139.46766700000001     
         467          4672     36.872166999999997          139.45433299999999     
        1831          5688     36.884500000000003          139.46566700000000     
        1100          3605     36.877833000000003          139.44233299999999     
        4461           351     36.908000000000001          139.40566699999999     
       10379         -3450     36.961167000000003          139.36266699999999     
        1142          2402     36.878166999999998          139.42883300000000     
         168          5266     36.869500000000002          139.46100000000001     
