       13445          5911     36.989167000000002          139.46766700000001     
        4219           647     36.905833000000001          139.40899999999999     
        5796          -295     36.920000000000002          139.39833300000001     
         -34          5339     36.867666999999997          139.46183300000001     
        5519          -356     36.917499999999997          139.39766700000001     
        3981           245     36.903666999999999          139.40450000000001     
        4628           248     36.909500000000001          139.40450000000001     
        4221           202     36.905833000000001          139.40400000000000     
        1883          2048     36.884833000000000          139.42483300000001     
        6389          -545     36.925333000000002          139.39550000000000     
        2390           312     36.889333000000001          139.40533300000001     
        1063          3516     36.877499999999998          139.44133299999999     
       -3069          1239     36.840167000000001          139.41600000000000     
        2068          2079     36.886499999999998          139.42516699999999     
        2053          1173     36.886333000000000          139.41499999999999     
        3446           -38     36.898833000000003          139.40133299999999     
        2556           432     36.890833000000001          139.40666700000000     
        2294          1099     36.888500000000001          139.41416699999999     
         583          8209     36.873333000000002          139.49400000000000     
        1519           606     36.881500000000003          139.40866700000001     
        3038           107     36.895167000000001          139.40299999999999     
       -4825          5558     36.824500000000000          139.46449999999999     
        6036          -324     36.922167000000002          139.39800000000000     
         565          7986     36.873167000000002          139.49150000000000     
         392          4939     36.871499999999997          139.45733300000001     
        2856          -427     36.893500000000003          139.39699999999999     
       -3177           570     36.839167000000003          139.40850000000000     
        1215          2462     36.878833000000000          139.42949999999999     
        3445            35     36.898833000000003          139.40216699999999     
        7125           185     36.932000000000002          139.40366700000001     
        3242           -54     36.896999999999998          139.40116699999999     
        1110          5641     36.878000000000000          139.46516700000001     
        1230          3412     36.878999999999998          139.44016700000000     
        2214          2495     36.887833000000001          139.42983300000000     
        5850          -102     36.920499999999997          139.40049999999999     
        3482           198     36.899166999999998          139.40400000000000     
         997          1747     36.876832999999998          139.42150000000001     
        5314          -149     36.915666999999999          139.40000000000001     
        5908          -651     36.920999999999999          139.39433299999999     
        5926          -502     36.921166999999997          139.39599999999999     
        1917          2702     36.885167000000003          139.43216699999999     
        5945          -606     36.921332999999997          139.39483300000001     
         706          4926     36.874333000000000          139.45716700000000     
        5907          -413     36.920999999999999          139.39699999999999     
        4648           -63     36.909666999999999          139.40100000000001     
        5630          -340     36.918500000000002          139.39783299999999     
        4407            84     36.907499999999999          139.40266700000001     
        2443           907     36.889833000000003          139.41200000000001     
       -5151          3684     36.821500000000000          139.44350000000000     
        1919          2405     36.885167000000003          139.42883300000000     
        4053           632     36.904333000000001          139.40883299999999     
        5889          -428     36.920833000000002          139.39683299999999     
        7512           484     36.935499999999998          139.40700000000001     
        1513          2166     36.881500000000003          139.42616699999999     
        4480           352     36.908166999999999          139.40566699999999     
        4444            69     36.907832999999997          139.40250000000000     
        2793          1280     36.893000000000001          139.41616700000000     
        3795           408     36.902000000000001          139.40633299999999     
        2442          1041     36.889833000000003          139.41350000000000     
         697          2563     36.874167000000000          139.43066700000000     
        2108          1351     36.886833000000003          139.41700000000000     
