13445 5911
4219 647
5796 -295
-34 5339
5519 -356
3981 245
4628 248
4221 202
1883 2048
6389 -545
2390 312
1063 3516
-3069 1239
2068 2079
2053 1173
3446 -38
2556 432
2294 1099
583 8209
1519 606
3038 107
-4825 5558
6036 -324
565 7986
392 4939
2856 -427
-3177 570
1215 2462
3445 35
7125 185
3242 -54
1110 5641
1230 3412
2214 2495
5850 -102
3482 198
997 1747
5314 -149
5908 -651
5926 -502
1917 2702
5945 -606
706 4926
5907 -413
4648 -63
5630 -340
4407 84
2443 907
-5151 3684
1919 2405
4053 632
5889 -428
7512 484
1513 2166
4480 352
4444 69
2793 1280
3795 408
2442 1041
697 2563
2108 1351
