       -6621          6012     36.808332999999998          139.46966699999999     
       -6694          5893     36.807667000000002          139.46833300000000     
       -6565          5834     36.808833000000000          139.46766700000001     
       -6806          6056     36.806666999999997          139.47016700000000     
       -6658          6057     36.808000000000000          139.47016700000000     
        -128          5547     36.866833000000000          139.46416700000000     
        1591          1126     36.882167000000003          139.41450000000000     
       10352          2485     36.961167000000003          139.42933300000001     
       -4937          5677     36.823500000000003          139.46583300000000     
        6242          -872     36.923999999999999          139.39183299999999     
        5814          -236     36.920166999999999          139.39900000000000     
        2516          1115     36.890500000000003          139.41433300000000     
        6147          -338     36.923166999999999          139.39783299999999     
         741          5387     36.874667000000002          139.46233300000000     
        2052          1544     36.886333000000000          139.41916699999999     
        3672          3319     36.901000000000003          139.43899999999999     
       -2262          2729     36.847499999999997          139.43266700000001     
        3427           -38     36.898667000000003          139.40133299999999     
        2872            92     36.893667000000001          139.40283299999999     
        2548          2155     36.890833000000001          139.42599999999999     
       10138         -3362     36.959000000000003          139.36366699999999     
       -4234          1309     36.829667000000001          139.41683300000000     
        1192          8642     36.878833000000000          139.49883299999999     
        3760            81     36.901667000000003          139.40266700000001     
        5556          -430     36.917833000000002          139.39683299999999     
        6222          -397     36.923833000000002          139.39716700000000     
        6037          -398     36.922167000000002          139.39716700000000     
        6129          -457     36.923000000000002          139.39650000000000     
         715          2771     36.874333000000000          139.43299999999999     
        1945           504     36.885333000000003          139.40750000000000     
         888          5684     36.875999999999998          139.46566700000000     
        2183          1010     36.887500000000003          139.41316699999999     
        3482           109     36.899166999999998          139.40299999999999     
        1476          2210     36.881166999999998          139.42666700000001     
        -999          1590     36.858832999999997          139.41983300000001     
        4240           172     36.905999999999999          139.40366700000001     
       -1147          1530     36.857500000000002          139.41916699999999     
       -1205          2273     36.856999999999999          139.42750000000001     
         539          5148     36.872833000000000          139.45966700000000     
       -6041          4304     36.813499999999998          139.45050000000001     
        3517           600     36.899500000000003          139.40850000000000     
       10284         -3035     36.960332999999999          139.36733300000000     
        1795          1082     36.884000000000000          139.41399999999999     
