        5444          -222     36.916832999999997          139.39916700000001     
        4610           189     36.909332999999997          139.40383299999999     
       10138         -3259     36.959000000000003          139.36483300000000     
        4035           468     36.904167000000001          139.40700000000001     
        6018          -457     36.921999999999997          139.39650000000000     
       10045         -3140     36.958167000000003          139.36616699999999     
       10211         -3050     36.959667000000003          139.36716699999999     
          58          5206     36.868499999999997          139.46033299999999     
       10210         -2991     36.959667000000003          139.36783299999999     
       10248         -3080     36.960000000000001          139.36683300000001     
        6574          -529     36.927000000000000          139.39566700000000     
        6332          -174     36.924833000000000          139.39966699999999     
       10304         -3198     36.960500000000003          139.36550000000000     
        2108          1381     36.886833000000003          139.41733300000001     
        2978          1206     36.894666999999998          139.41533300000000     
         744          4703     36.874667000000002          139.45466700000000     
        4322          2579     36.906832999999999          139.43066700000000     
        5277           -75     36.915332999999997          139.40083300000001     
        3297           168     36.897500000000001          139.40366700000001     
        5984         -1096     36.921666999999999          139.38933299999999     
        3036           687     36.895167000000001          139.40950000000001     
         -35          5621     36.867666999999997          139.46500000000000     
        1052          1852     36.877333000000000          139.42266699999999     
        2239          1040     36.887999999999998          139.41350000000000     
        2649           299     36.891666999999998          139.40516700000001     
        -448          2499     36.863833000000000          139.43000000000001     
