        1056           812
       13445          5911
       -6621          6012
       -6694          5893
       -6565          5834
       -6806          6056
       -6658          6057
        3912          -972
       -1175          3715
       14048         -1118
       14306          -894
       14345         -1205
       14325          -938
       14121          -761
       14174          -257
       14123         -1206
        2719          1131
       13676          -615
         984           395
        1018          1005
        1112           827
        1240          1006
        1040           410
         705           855
        1130           871
        1518           918
        1464           591
         760           974
         740          1256
         520           839
        1278           946
         648          1048
        1203          1050
         778          1033
        1333           917
        1427           575
         740          1271
         778           944
         483           898
        1298           530
        1223           619
        1167           872
        1130           797
        1021           499
         666          1196
         906          1286
         611          1047
         926          1019
         557           780
         723           959
