        1518           918
        1464           591
         760           974
         740          1256
         520           839
        1278           946
         648          1048
        1203          1050
         778          1033
        1333           917
        1427           575
         740          1271
         778           944
         483           898
        1298           530
        1223           619
        1167           872
        1130           797
        1021           499
         666          1196
         906          1286
         611          1047
         926          1019
         557           780
         723           959
         464           928
         574          1107
         777          1301
         556          1077
         778          1063
         500          1166
         740          1107
        1484           308
         650           706
         278          1194
         444          1299
         796          1063
         426          1091
         352          1225
         371           927
         945           930
        1167           886
         888          1093
         649           973
        -963          1709
        -777          1576
        2873          -100
        1908           667
        2330          1307
         111          1298
