         464           928
         574          1107
         777          1301
         556          1077
         778          1063
         500          1166
         740          1107
        1484           308
         650           706
         278          1194
         444          1299
         796          1063
         426          1091
         352          1225
         371           927
         945           930
        1167           886
         888          1093
         649           973
        -963          1709
        -777          1576
        2873          -100
        1908           667
        2330          1307
         111          1298
        2703           685
        5981          -443
        3162          1385
        5666          -162
       -3213           272
        2833           567
         874           216
        5185           -90
        1944           741
         865          2311
        1278           931
        -870          1754
        3223           138
        1048          2728
        1073          1302
        6168          -754
        6556          -633
        1535          1378
        7365           246
        5296          -104
         318           437
        2589          1368
        2389           595
        1123          2357
        3520          -187
