        2703           685
        5981          -443
        3162          1385
        5666          -162
       -3213           272
        2833           567
         874           216
        5185           -90
        1944           741
         865          2311
        1278           931
        -870          1754
        3223           138
        1048          2728
        1073          1302
        6168          -754
        6556          -633
        1535          1378
        7365           246
        5296          -104
         318           437
        2589          1368
        2389           595
        1123          2357
        3520          -187
        6313          -129
         255          2205
        2297           475
        6315          -545
        7295          -526
        2296           624
        1243           486
        6591          -202
        -148          1534
         204          1209
        6643           435
        5816          -740
        2756          1146
        6187          -887
        6222          -427
        1199          2001
        6129          -427
        5459           475
        5778          -488
        4705          -389
       -2424          1762
        2056           638
        5034           413
        4609           308
        6036          -220
