        6313          -129
         255          2205
        2297           475
        6315          -545
        7295          -526
        2296           624
        1243           486
        6591          -202
        -148          1534
         204          1209
        6643           435
        5816          -740
        2756          1146
        6187          -887
        6222          -427
        1199          2001
        6129          -427
        5459           475
        5778          -488
        4705          -389
       -2424          1762
        2056           638
        5034           413
        4609           308
        6036          -220
       -2715           602
        5999          -279
        5515           371
         590          1671
        1521           353
         -55          1282
         202          1625
        6091          -145
        -373          2291
        2495          1650
        6186          -590
        3259           331
        5110           -31
        1561          -359
        2820          -665
        3003          -367
        2929          -308
        2421          1709
        -360          -665
        1477          1809
        5385           638
        4926          -240
         490          -735
        1363          2566
       -4955          1201
