       -2715           602
        5999          -279
        5515           371
         590          1671
        1521           353
         -55          1282
         202          1625
        6091          -145
        -373          2291
        2495          1650
        6186          -590
        3259           331
        5110           -31
        1561          -359
        2820          -665
        3003          -367
        2929          -308
        2421          1709
        -360          -665
        1477          1809
        5385           638
        4926          -240
         490          -735
        1363          2566
       -4955          1201
        2163          1440
        1760           592
        5978           358
        5350           207
        -408          1875
       -2471          -199
       -2009          -152
       -2631          2564
       -3443          2130
        4354          -406
       -1806           -62
        2572           922
        1573          1096
        2888           582
        4315          -109
       -1995           872
        1445           813
        6222          -501
        6331          -129
        5110            72
        2571          1205
        5813            60
        2834           314
        5404           356
         312          1789
