        2163          1440
        1760           592
        5978           358
        5350           207
        -408          1875
       -2471          -199
       -2009          -152
       -2631          2564
       -3443          2130
        4354          -406
       -1806           -62
        2572           922
        1573          1096
        2888           582
        4315          -109
       -1995           872
        1445           813
        6222          -501
        6331          -129
        5110            72
        2571          1205
        5813            60
        2834           314
        5404           356
         312          1789
        6390          -767
        5349           311
        1498          1244
        2256          1307
        5591           -73
        2164          1262
        2093           564
        2711         -1052
        6389          -649
        6296          -515
        1228          -331
        2686           343
        2016          1351
        1631           487
        6239          -234
        2037           742
          38          5428
        1253          2402
         762           469
         392           348
        2738          1042
        1001           707
       -3368          1877
        6166          -323
        1168           693
