        6390          -767
        5349           311
        1498          1244
        2256          1307
        5591           -73
        2164          1262
        2093           564
        2711         -1052
        6389          -649
        6296          -515
        1228          -331
        2686           343
        2016          1351
        1631           487
        6239          -234
        2037           742
          38          5428
        1253          2402
         762           469
         392           348
        2738          1042
        1001           707
       -3368          1877
        6166          -323
        1168           693
         630           958
        6167          -605
        5685          -251
        5202           117
        5018          -135
        6203          -456
        5833          -265
        2090          1217
        6183          -115
        4832           101
        4853          -463
        5462          -118
       -2008          -286
       -1933          -523
       -2323          -198
        6351          -278
        2633          -265
        4447          -494
        6186          -783
        6166          -293
        5813           -28
        5333          -193
        5944          -458
         947           336
        4723          -211
