         630           958
        6167          -605
        5685          -251
        5202           117
        5018          -135
        6203          -456
        5833          -265
        2090          1217
        6183          -115
        4832           101
        4853          -463
        5462          -118
       -2008          -286
       -1933          -523
       -2323          -198
        6351          -278
        2633          -265
        4447          -494
        6186          -783
        6166          -293
        5813           -28
        5333          -193
        5944          -458
         947           336
        4723          -211
        2183          1099
        -377         -1036
        6055          -442
        5389          -297
        7550           321
        5018           -31
        2369           936
        6296          -501
       -1126          1025
        4021          -437
       -4843           994
        1533          1720
       -4992          1157
         646          1568
       -4808          1261
       -2175          -242
        2904          1176
        2458          1709
       -2901           854
        2201          1173
        2701          1161
        2908           330
         615           304
        1980           979
        4889          -166
