        2183          1099
        -377         -1036
        6055          -442
        5389          -297
        7550           321
        5018           -31
        2369           936
        6296          -501
       -1126          1025
        4021          -437
       -4843           994
        1533          1720
       -4992          1157
         646          1568
       -4808          1261
       -2175          -242
        2904          1176
        2458          1709
       -2901           854
        2201          1173
        2701          1161
        2908           330
         615           304
        1980           979
        4889          -166
        2533          1531
        -723          1889
        6407          -530
        -553          5515
         398          -944
        5090           265
       10011         -3764
        2515          1219
       -4881          1216
        2238          1129
        3648           288
        1423          1601
        2798           121
        4650          -523
        3554           615
        2703           641
        3756          1002
        2962           582
        6332          -174
        4835          -418
        1109          1451
        2780            32
       -2531           885
        6425          -441
        -998          1308
