        2533          1531
        -723          1889
        6407          -530
        -553          5515
         398          -944
        5090           265
       10011         -3764
        2515          1219
       -4881          1216
        2238          1129
        3648           288
        1423          1601
        2798           121
        4650          -523
        3554           615
        2703           641
        3756          1002
        2962           582
        6332          -174
        4835          -418
        1109          1451
        2780            32
       -2531           885
        6425          -441
        -998          1308
        2575           298
        5608           297
        5778          -548
        4576          -390
        3094           152
        6460           123
        2000           608
        2701          1057
        5000          -239
        -926          1724
        4463            10
        1291          2194
        1326          2625
        6386           -40
         -28          -574
         900         -1387
       -4993          1484
       -5086          1587
        4741          -151
        4704          -255
        1796           800
        -589           908
        6757          -261
        6000          -443
       -3470           -99
