        2575           298
        5608           297
        5778          -548
        4576          -390
        3094           152
        6460           123
        2000           608
        2701          1057
        5000          -239
        -926          1724
        4463            10
        1291          2194
        1326          2625
        6386           -40
         -28          -574
         900         -1387
       -4993          1484
       -5086          1587
        4741          -151
        4704          -255
        1796           800
        -589           908
        6757          -261
        6000          -443
       -3470           -99
        2501           283
         639          3276
        7162           200
        1229          3635
        2595            76
        5034           473
        6443          -292
        2311          1530
        5998          -116
        1519           665
        6075          -724
        7146          -259
        5389          -356
        6072           -56
         863          2742
        6556          -633
        5537          -341
        1760           636
       -4826          1142
         928          5046
        6555          -559
        -870          1665
        6611          -544
       -4714           935
        3646           793
