        2501           283
         639          3276
        7162           200
        1229          3635
        2595            76
        5034           473
        6443          -292
        2311          1530
        5998          -116
        1519           665
        6075          -724
        7146          -259
        5389          -356
        6072           -56
         863          2742
        6556          -633
        5537          -341
        1760           636
       -4826          1142
         928          5046
        6555          -559
        -870          1665
        6611          -544
       -4714           935
        3646           793
        -812          1115
       -4845          1321
       -4883          1603
        1028          3040
        6260          -753
        6500          -559
        6129          -412
       -5196          1275
        6685          -514
        5776             1
        1234          2462
        5074          -165
        5498           178
        6163           196
       -2685          2371
        3813           556
        6500          -515
        5461            59
       -3123           986
         965           544
         682          1776
        2427           342
        5406           -89
         905          1584
         973          3025
