        -812          1115
       -4845          1321
       -4883          1603
        1028          3040
        6260          -753
        6500          -559
        6129          -412
       -5196          1275
        6685          -514
        5776             1
        1234          2462
        5074          -165
        5498           178
        6163           196
       -2685          2371
        3813           556
        6500          -515
        5461            59
       -3123           986
         965           544
         682          1776
        2427           342
        5406           -89
         905          1584
         973          3025
        6389          -663
        4723          -359
       -5013          1647
        4816          -448
        5203           -75
        1065          3011
        6462          -440
        6518          -440
        5999          -205
        2626          1249
        3031          1756
        1271          2373
        6019          -561
        6443          -292
        2811          1265
        1333           917
        2390           298
        2317           193
        2075           504
        2166           817
        -905          1174
         617          -170
         578           126
        -722          1651
        2481           699
