        6389          -663
        4723          -359
       -5013          1647
        4816          -448
        5203           -75
        1065          3011
        6462          -440
        6518          -440
        5999          -205
        2626          1249
        3031          1756
        1271          2373
        6019          -561
        6443          -292
        2811          1265
        1333           917
        2390           298
        2317           193
        2075           504
        2166           817
        -905          1174
         617          -170
         578           126
        -722          1651
        2481           699
        1759           770
        5962          -324
        1327          2343
        6186          -724
        4868           502
        4667          -256
        6093          -502
        2647           685
       -3379           227
        2053          1232
         832          5862
        3089          1088
        5425          -163
         677          3098
        2570          1353
        4851           116
         620          3232
        3130           360
        6165          -100
        2275          1292
        1370          5359
       -4347          1754
        -185          1505
        5925          -324
        2553          1026
