        1759           770
        5962          -324
        1327          2343
        6186          -724
        4868           502
        4667          -256
        6093          -502
        2647           685
       -3379           227
        2053          1232
         832          5862
        3089          1088
        5425          -163
         677          3098
        2570          1353
        4851           116
         620          3232
        3130           360
        6165          -100
        2275          1292
        1370          5359
       -4347          1754
        -185          1505
        5925          -324
        2553          1026
        2794          1042
       -2881           482
       -2704          2385
        4279          -153
       -4236          1651
        2259           668
        2239          1025
        1104          2624
         573          5921
        2222           757
        6019          -532
        2663          1235
         633           319
        9973         -3660
         858          -303
         782            23
       -4995          1840
       -5105          1602
       -5031          1647
       -4753          1485
       -4827          1410
        2219          1411
        2052          1410
       -1861            -3
         834           974
