        2794          1042
       -2881           482
       -2704          2385
        4279          -153
       -4236          1651
        2259           668
        2239          1025
        1104          2624
         573          5921
        2222           757
        6019          -532
        2663          1235
         633           319
        9973         -3660
         858          -303
         782            23
       -4995          1840
       -5105          1602
       -5031          1647
       -4753          1485
       -4827          1410
        2219          1411
        2052          1410
       -1861            -3
         834           974
        5794            31
        5981          -264
        -962          1635
        7717           158
       -4846          1544
        2428            60
        2293          1441
        5852          -458
        4498           455
         645          1820
       -4496          1828
        6422           241
        9973         -3571
        4741          -151
        1592          1007
       -1054          1531
         632           542
        6092          -412
         841         -4478
         839          -243
        2126          1470
        3853          -200
        6222          -560
        1058          4719
        4298          -361
