        5794            31
        5981          -264
        -962          1635
        7717           158
       -4846          1544
        2428            60
        2293          1441
        5852          -458
        4498           455
         645          1820
       -4496          1828
        6422           241
        9973         -3571
        4741          -151
        1592          1007
       -1054          1531
         632           542
        6092          -412
         841         -4478
         839          -243
        2126          1470
        3853          -200
        6222          -560
        1058          4719
        4298          -361
        6167          -486
        6221          -204
        6111          -457
        1344          2789
        5739           -73
        4409          -316
        5148          -268
         541           215
         150           822
         910           499
        7292           216
        4501          -286
        2797           255
        6036          -264
          11         -1079
         -44         -1020
        2554           952
        2146          1024
        2128          1054
        2441          1249
        2367          1456
         595           646
        8179           249
        1426           754
        1198          2268
