        6167          -486
        6221          -204
        6111          -457
        1344          2789
        5739           -73
        4409          -316
        5148          -268
         541           215
         150           822
         910           499
        7292           216
        4501          -286
        2797           255
        6036          -264
          11         -1079
         -44         -1020
        2554           952
        2146          1024
        2128          1054
        2441          1249
        2367          1456
         595           646
        8179           249
        1426           754
        1198          2268
       -4310          1635
        2643          1680
        6518          -470
        6905          -275
        2440          1501
        5536          -177
        6463          -648
         650           765
         908          5239
        4258           247
        1327          2343
        6072           -71
        5851          -220
        1667           785
        1161          2120
        -646          1250
        4423           663
         185          1239
        1445           694
        2908           181
         374          4806
        1760           636
         355          4880
         502          4984
        1319          4215
