       -4310          1635
        2643          1680
        6518          -470
        6905          -275
        2440          1501
        5536          -177
        6463          -648
         650           765
         908          5239
        4258           247
        1327          2343
        6072           -71
        5851          -220
        1667           785
        1161          2120
        -646          1250
        4423           663
         185          1239
        1445           694
        2908           181
         374          4806
        1760           636
         355          4880
         502          4984
        1319          4215
         392          4939
         429          4747
        7754           292
          77          5027
        6314          -397
        1203          1124
        1641          2344
        3495          5813
        1426           843
        1364          2343
        1345          2403
        1315           842
        1456          2433
        1669           220
        6353          -886
        1686           562
        7513           276
        1419          2462
        -229         -1095
          35          6305
        2259           579
        5903           625
        3685           155
        7162           260
        2701           997
