         392          4939
         429          4747
        7754           292
          77          5027
        6314          -397
        1203          1124
        1641          2344
        3495          5813
        1426           843
        1364          2343
        1345          2403
        1315           842
        1456          2433
        1669           220
        6353          -886
        1686           562
        7513           276
        1419          2462
        -229         -1095
          35          6305
        2259           579
        5903           625
        3685           155
        7162           260
        2701           997
        6666          -573
        6109          -101
        5943          -146
        6091          -219
        1686           502
        1205           649
        -858         -1083
        -692          -949
        6832          -365
        9917         -3452
       10009         -3526
        2478          1353
        5480            44
        5498            14
         286         -4481
        1370           917
        2590          1041
        6388          -277
        2812          1072
        -525          -993
        2387           922
        1573          1037
        5219           488
        2169           103
        1549          2374
