        6666          -573
        6109          -101
        5943          -146
        6091          -219
        1686           502
        1205           649
        -858         -1083
        -692          -949
        6832          -365
        9917         -3452
       10009         -3526
        2478          1353
        5480            44
        5498            14
         286         -4481
        1370           917
        2590          1041
        6388          -277
        2812          1072
        -525          -993
        2387           922
        1573          1037
        5219           488
        2169           103
        1549          2374
         115          4745
         598          -215
        2758           656
        5925          -250
        2424          1070
        5722          -266
        3592           466
       -5983          3754
        5612          -519
        1909           266
        2114           103
          77          4968
        5978           254
       -4049          1235
        2351           684
        2406           951
        5406            14
        2166           861
        5569           772
         740          5788
        2461           966
        2200          1366
        2849          1087
       -1479          1321
        2497          1204
