         115          4745
         598          -215
        2758           656
        5925          -250
        2424          1070
        5722          -266
        3592           466
       -5983          3754
        5612          -519
        1909           266
        2114           103
          77          4968
        5978           254
       -4049          1235
        2351           684
        2406           951
        5406            14
        2166           861
        5569           772
         740          5788
        2461           966
        2200          1366
        2849          1087
       -1479          1321
        2497          1204
        2405          1040
        2442          1130
        3811           957
        5259          -238
        5797          -518
        2590          1056
       -6884          2561
        2552          1398
       10047         -3645
        7960          -300
        2535           937
         273          2309
        4574          -122
        2126          1366
        1406          1170
        3593           140
        6203          -263
        4573            70
        1686          5078
        2481           580
        6556          -633
        3001           167
        6297          -590
        6407          -530
        4098          7910
