        2405          1040
        2442          1130
        3811           957
        5259          -238
        5797          -518
        2590          1056
       -6884          2561
        2552          1398
       10047         -3645
        7960          -300
        2535           937
         273          2309
        4574          -122
        2126          1366
        1406          1170
        3593           140
        6203          -263
        4573            70
        1686          5078
        2481           580
        6556          -633
        3001           167
        6297          -590
        6407          -530
        4098          7910
        1970          8274
        6148          -486
         685          5654
        2634          -532
        7697           648
        5926          -547
        2241           594
         984           514
         977          2059
        1913          3816
        3262          -351
        1912          3876
        1931          3891
         598          -140
        1802          3846
        1120          3174
        1708          4024
        2922          1251
        7642           336
        2479          1219
        2423          1338
        3445           109
        2165           921
        6721          -350
       -6625          2473
