        1970          8274
        6148          -486
         685          5654
        2634          -532
        7697           648
        5926          -547
        2241           594
         984           514
         977          2059
        1913          3816
        3262          -351
        1912          3876
        1931          3891
         598          -140
        1802          3846
        1120          3174
        1708          4024
        2922          1251
        7642           336
        2479          1219
        2423          1338
        3445           109
        2165           921
        6721          -350
       -6625          2473
        6018          -398
        3150          -129
        1801          3950
        1118          3620
         319          4701
        2057           266
        1802          3682
        1407          5315
        1838          4069
         282          4582
        7531           410
        2371           446
        1949          3935
         963          5432
        1728          3830
        2554           863
       10451         -3064
       10247         -2946
        7644             9
        1240          1110
        1745          4009
         447          5088
         916          3441
        6464          -827
        6611          -692
