        6018          -398
        3150          -129
        1801          3950
        1118          3620
         319          4701
        2057           266
        1802          3682
        1407          5315
        1838          4069
         282          4582
        7531           410
        2371           446
        1949          3935
         963          5432
        1728          3830
        2554           863
       10451         -3064
       10247         -2946
        7644             9
        1240          1110
        1745          4009
         447          5088
         916          3441
        6464          -827
        6611          -692
        1050          2268
        6426          -663
        2042          3906
        6389          -663
        5832           -72
        6648          -633
        6462          -485
        2817            77
        2647           834
        2737          1235
         948           202
        2127          1307
        6850          -290
        6389          -515
        1987          3832
         391          5162
       -1446          2331
       -6059          4200
        6261          -842
        6407          -381
        2411          -177
        7916          1258
        2477          1457
         713          8135
       -2771           810
