        1050          2268
        6426          -663
        2042          3906
        6389          -663
        5832           -72
        6648          -633
        6462          -485
        2817            77
        2647           834
        2737          1235
         948           202
        2127          1307
        6850          -290
        6389          -515
        1987          3832
         391          5162
       -1446          2331
       -6059          4200
        6261          -842
        6407          -381
        2411          -177
        7916          1258
        2477          1457
         713          8135
       -2771           810
         483          5252
        1214          2848
        6555          -485
        5645           282
        6556          -826
        4353          -227
        2356          -266
        2256          1426
        1678          2463
        6426          -559
       -1053          1322
        1585          2523
        1622          2478
         558         -3410
       10176         -3644
         336          5088
        1549          2329
        6536          -470
        3665           541
        1474          2477
         816           796
        1153          4200
        2481           595
        6184          -323
        1362          2759
