         483          5252
        1214          2848
        6555          -485
        5645           282
        6556          -826
        4353          -227
        2356          -266
        2256          1426
        1678          2463
        6426          -559
       -1053          1322
        1585          2523
        1622          2478
         558         -3410
       10176         -3644
         336          5088
        1549          2329
        6536          -470
        3665           541
        1474          2477
         816           796
        1153          4200
        2481           595
        6184          -323
        1362          2759
        6295          -248
        6406          -203
        1622          2537
        3242           153
        5425          -163
        6610          -395
        6555          -440
        7384           320
        5590           223
        6761         -1018
        -722          1725
        3461          5234
        -498          5634
        3687          -186
        2648           551
         318           422
        6944          -691
       -1350          1395
        7037          -675
        2647           804
        6204          -620
        5109           250
        1417         -1162
        2054          1113
        -963          1754
