        6295          -248
        6406          -203
        1622          2537
        3242           153
        5425          -163
        6610          -395
        6555          -440
        7384           320
        5590           223
        6761         -1018
        -722          1725
        3461          5234
        -498          5634
        3687          -186
        2648           551
         318           422
        6944          -691
       -1350          1395
        7037          -675
        2647           804
        6204          -620
        5109           250
        1417         -1162
        2054          1113
        -963          1754
        6282         -1406
        5331           207
        1384          1868
        1324         -1058
        3677          1997
       -6585          1700
       -6753          1997
        3407           287
        2762           -56
       -6733          1684
        3219          1029
        2877          3092
        3094           -40
       -6828          2368
        2216          1931
        2646           982
        2608          1279
        5647          -118
        4479           500
        5628           -73
        1074           945
        2518           551
        4019            97
        2386          1144
        4224          -376
