        6282         -1406
        5331           207
        1384          1868
        1324         -1058
        3677          1997
       -6585          1700
       -6753          1997
        3407           287
        2762           -56
       -6733          1684
        3219          1029
        2877          3092
        3094           -40
       -6828          2368
        2216          1931
        2646           982
        2608          1279
        5647          -118
        4479           500
        5628           -73
        1074           945
        2518           551
        4019            97
        2386          1144
        4224          -376
        2261           297
         611          1047
        2093           608
         -88          4893
        6630          -662
        5794           164
        1183          5893
       10028         -3600
       10269         -3629
       10066         -3689
        -793          5470
       10065         -3541
         914          -377
        1060          4303
        9806         -3423
       10064         -3422
       10102         -3585
        1246          3992
        1475          2314
        2199          1634
        2996          1192
        6352          -693
        2383          1798
        6334          -723
        6720          -217
