        2261           297
         611          1047
        2093           608
         -88          4893
        6630          -662
        5794           164
        1183          5893
       10028         -3600
       10269         -3629
       10066         -3689
        -793          5470
       10065         -3541
         914          -377
        1060          4303
        9806         -3423
       10064         -3422
       10102         -3585
        1246          3992
        1475          2314
        2199          1634
        2996          1192
        6352          -693
        2383          1798
        6334          -723
        6720          -217
        6682           109
        1210          3903
        6461          -143
        2985          -338
        4444            39
         517          1508
        1209          3918
        4462            84
       10378         -3272
        9954         -3497
        1773          1751
        1288          2863
        1156          3397
         424          1656
        2295           847
        1796           696
        6536          -396
        2610           759
        6186          -694
        1909           325
         738          6367
        6016           150
       -3380           495
         773          6873
       10121         -3689
