        6682           109
        1210          3903
        6461          -143
        2985          -338
        4444            39
         517          1508
        1209          3918
        4462            84
       10378         -3272
        9954         -3497
        1773          1751
        1288          2863
        1156          3397
         424          1656
        2295           847
        1796           696
        6536          -396
        2610           759
        6186          -694
        1909           325
         738          6367
        6016           150
       -3380           495
         773          6873
       10121         -3689
        -737          5203
        6371          -708
        1758          1112
        2923          1072
        3597          3407
        3405           852
        5779          -607
        2609           952
        1228          3932
         791          6828
         738          6382
       -6585          1640
        5037          -239
        6556          -752
        6519          -797
        2670          -220
       -6086          1702
         734          7303
         864          7155
       10026         -3111
        4444           173
        1084          2922
         881          2921
        2462           699
        2796           626
