        6335          -946
        5925          -235
        5870          -399
        5741          -488
        4038          -214
        5703          -310
        2739           908
        3368           777
        7531           484
        2830          1206
       10174         -3169
        2868           998
        2388          5200
        1394          4007
        2735          1799
        5999          -309
        1064          3278
        1543          3785
        1866          1825
        2986          -545
        2800          -383
        2819          -576
        4148           172
       10230         -3243
        1413          4007
        -495           522
        2288          2615
        1557           368
        4388            99
        1613           309
         699          6664
        5908          -532
        6258          -352
       10194         -3466
       10137         -3229
         241          1090
         617          -229
         561          -141
         691          -140
        9953         -3230
        5921           640
         262          5102
        3999           230
         764           -95
        2812          1176
        2198          1827
        3464           -23
        2254          1842
        6386           108
        5686          -474
