        -495           522
        2288          2615
        1557           368
        4388            99
        1613           309
         699          6664
        5908          -532
        6258          -352
       10194         -3466
       10137         -3229
         241          1090
         617          -229
         561          -141
         691          -140
        9953         -3230
        5921           640
         262          5102
        3999           230
         764           -95
        2812          1176
        2198          1827
        3464           -23
        2254          1842
        6386           108
        5686          -474
        5203          -179
         765          -214
         132          5132
         281          4880
         280          4984
         281          4776
        -850          1442
         114          5057
       10101         -3244
        1012          2386
       10174         -3140
       10063         -3110
       10065         -3556
         701          6352
        1131          4942
        6056          -517
        1462          5419
        2532          1754
         618          -467
       10192         -3065
       10212         -3421
        1413          3963
       10343         -3658
         765          -303
       10120         -3407
