        5203          -179
         765          -214
         132          5132
         281          4880
         280          4984
         281          4776
        -850          1442
         114          5057
       10101         -3244
        1012          2386
       10174         -3140
       10063         -3110
       10065         -3556
         701          6352
        1131          4942
        6056          -517
        1462          5419
        2532          1754
         618          -467
       10192         -3065
       10212         -3421
        1413          3963
       10343         -3658
         765          -303
       10120         -3407
       10156         -3258
        2390           327
        1132          4853
        5723          -548
        1186           753
        1295          1243
        1295          1199
        3962           260
         445          5445
         296          5667
        5963          -458
        4093            38
        1095          4898
       10248         -3124
       10137         -3169
        6073          -294
       10234         -4000
         279          5474
        3723             6
        1900          2450
        5479           237
        2423          1174
        -217          4818
       10340         -3035
         985          4511
