       10156         -3258
        2390           327
        1132          4853
        5723          -548
        1186           753
        1295          1243
        1295          1199
        3962           260
         445          5445
         296          5667
        5963          -458
        4093            38
        1095          4898
       10248         -3124
       10137         -3169
        6073          -294
       10234         -4000
         279          5474
        3723             6
        1900          2450
        5479           237
        2423          1174
        -217          4818
       10340         -3035
         985          4511
        2423          1174
         920          7037
        6185          -397
        1428          4765
        3371           124
       10304         -3272
        5667          -489
        3335          -128
        3300          3688
         540          4777
       10156         -3273
        1051          2015
        5631          -652
        3944           201
        4594          -315
        5627           312
        5646           223
        5774           372
        5684           -28
        2979          1043
        3052          1192
        3616          3289
        1302          3918
        3334            49
        4186          -109
