        2423          1174
         920          7037
        6185          -397
        1428          4765
        3371           124
       10304         -3272
        5667          -489
        3335          -128
        3300          3688
         540          4777
       10156         -3273
        1051          2015
        5631          -652
        3944           201
        4594          -315
        5627           312
        5646           223
        5774           372
        5684           -28
        2979          1043
        3052          1192
        3616          3289
        1302          3918
        3334            49
        4186          -109
        5589           416
        4667          -241
        6018          -279
         225          4983
          77          4894
         373          5029
         262          5073
        1504          4216
        4779          -285
        6535          -217
        4926           -76
        6517          -188
         278          5563
          59          4790
         132          5161
         243          5117
         151          4998
         744          4629
        6164           -26
        6627           -24
        -907          1754
        4630          -107
         917          3144
         715          2801
        6315          -560
