        5589           416
        4667          -241
        6018          -279
         225          4983
          77          4894
         373          5029
         262          5073
        1504          4216
        4779          -285
        6535          -217
        4926           -76
        6517          -188
         278          5563
          59          4790
         132          5161
         243          5117
         151          4998
         744          4629
        6164           -26
        6627           -24
        -907          1754
        4630          -107
         917          3144
         715          2801
        6315          -560
       10064         -3378
        1000           930
         724          4985
        1111           916
        5480            74
        4613          -419
        7440             8
        4555            85
        3555           243
        6335          -961
        5295           -45
        3446            -9
        2089          1455
        2252          2169
        2161          1901
        2068          2079
        -328          4818
        8139          1021
        4944          -180
        8523          1988
        6242          -738
        6204          -546
        5651          -890
        1687           280
         989          -584
