         334          5519
         225          4969
        2423          1189
        9542          1577
        1420          2284
        6111          -516
        2161          1931
         224          5340
        2308          2050
        -125          4893
        2615          -280
         724          5030
        2093         -3476
        9635          1503
         761          5015
        7805          1138
        5331           296
        1939          1945
        5612          -608
        5462          -133
        6389          -515
       -4919          5840
         467          4672
        1831          5688
        1100          3605
        4461           351
       10379         -3450
        1142          2402
         168          5266
        4219           647
        5796          -295
         -34          5339
        5519          -356
        3981           245
        4628           248
        4221           202
        1883          2048
        6389          -545
        2390           312
        1063          3516
       -3069          1239
        2068          2079
        2053          1173
        3446           -38
        2556           432
        2294          1099
         583          8209
        1519           606
        3038           107
       -4825          5558
