        6036          -324
         565          7986
         392          4939
        2856          -427
       -3177           570
        1215          2462
        3445            35
        7125           185
        3242           -54
        1110          5641
        1230          3412
        2214          2495
        5850          -102
        3482           198
         997          1747
        5314          -149
        5908          -651
        5926          -502
        1917          2702
        5945          -606
         706          4926
        5907          -413
        4648           -63
        5630          -340
        4407            84
        2443           907
       -5151          3684
        1919          2405
        4053           632
        5889          -428
        7512           484
        1513          2166
        4480           352
        4444            69
        2793          1280
        3795           408
        2442          1041
         697          2563
        2108          1351
        -128          5547
        1591          1126
       10352          2485
       -4937          5677
        6242          -872
        5814          -236
        2516          1115
        6147          -338
         741          5387
        2052          1544
        3672          3319
