        2443           907
       -5151          3684
        1919          2405
        4053           632
        5889          -428
        7512           484
        1513          2166
        4480           352
        4444            69
        2793          1280
        3795           408
        2442          1041
         697          2563
        2108          1351
        -128          5547
        1591          1126
       10352          2485
       -4937          5677
        6242          -872
        5814          -236
        2516          1115
        6147          -338
         741          5387
        2052          1544
        3672          3319
       -2262          2729
        3427           -38
        2872            92
        2548          2155
       10138         -3362
       -4234          1309
        1192          8642
        3760            81
        5556          -430
        6222          -397
        6037          -398
        6129          -457
         715          2771
        1945           504
         888          5684
        2183          1010
        3482           109
        1476          2210
        -999          1590
        4240           172
       -1147          1530
       -1205          2273
         539          5148
       -6041          4304
        3517           600
