       -2262          2729
        3427           -38
        2872            92
        2548          2155
       10138         -3362
       -4234          1309
        1192          8642
        3760            81
        5556          -430
        6222          -397
        6037          -398
        6129          -457
         715          2771
        1945           504
         888          5684
        2183          1010
        3482           109
        1476          2210
        -999          1590
        4240           172
       -1147          1530
       -1205          2273
         539          5148
       -6041          4304
        3517           600
       10284         -3035
        1795          1082
        5444          -222
        4610           189
       10138         -3259
        4035           468
        6018          -457
       10045         -3140
       10211         -3050
          58          5206
       10210         -2991
       10248         -3080
        6574          -529
        6332          -174
       10304         -3198
        2108          1381
        2978          1206
         744          4703
        4322          2579
        5277           -75
        3297           168
        5984         -1096
        3036           687
         -35          5621
        1052          1852
