       10284         -3035
        1795          1082
        5444          -222
        4610           189
       10138         -3259
        4035           468
        6018          -457
       10045         -3140
       10211         -3050
          58          5206
       10210         -2991
       10248         -3080
        6574          -529
        6332          -174
       10304         -3198
        2108          1381
        2978          1206
         744          4703
        4322          2579
        5277           -75
        3297           168
        5984         -1096
        3036           687
         -35          5621
        1052          1852
        2239          1040
        2649           299
        -448          2499
        2758           789
         -16          5473
         392          4746
        5817          -815
        2327          1991
        2423          1308
        2366          1501
         729          -496
        -887          1427
        2383          1917
        4537           -33
        6628          -232
        5295            58
        3482           198
        6499          -321
         -37          5963
        6499          -366
        2420          2036
        5961          -101
         319           348
        7234           765
        2630           373
