        2239          1040
        2649           299
        -448          2499
        2758           789
         -16          5473
         392          4746
        5817          -815
        2327          1991
        2423          1308
        2366          1501
         729          -496
        -887          1427
        2383          1917
        4537           -33
        6628          -232
        5295            58
        3482           198
        6499          -321
         -37          5963
        6499          -366
        2420          2036
        5961          -101
         319           348
        7234           765
        2630           373
        4278             9
       13748          4221
        -655          3301
        4111           186
        -467          2484
       -1647          1810
        4684           144
        2165           965
        2204           609
         732          3098
        6167          -650
        6277          -412
        5498            89
        3907           156
        6278          -679
        5797          -488
        2277           817
       -6940          2591
        6056          -680
        4129           157
        3963           141
        2036           935
        2401          1917
       -1221          1545
        4277           187
