        4278             9
       13748          4221
        -655          3301
        4111           186
        -467          2484
       -1647          1810
        4684           144
        2165           965
        2204           609
         732          3098
        6167          -650
        6277          -412
        5498            89
        3907           156
        6278          -679
        5797          -488
        2277           817
       -6940          2591
        6056          -680
        4129           157
        3963           141
        2036           935
        2401          1917
       -1221          1545
        4277           187
        4445           -49
        6461           -84
         -71          5250
         -89          5175
        6287         -2446
        6527         -2326
        4481           144
        1572          1334
        6704          -736
        4186          -183
       10027         -3289
       10194         -3362
        6148          -353
        2534          1323
       -2650          2846
         889          5521
        1479          1378
        6167          -694
        2238          1292
        1793          5926
        3237          1118
        2347          1798
        6092          -308
        6389          -589
         881          2936
