        3648           170
        6332          -352
        2741           477
        3557           -97
        3520          -112
        4111            23
         354          5118
       -5807          1346
       -5733          1480
         667          5416
       10727          1181
       -5751          1361
       -5695          1243
       -5807          1450
        3316            94
        1331          1511
          20          5473
        7840          1554
        5666          -192
        4574           -48
        4558          -672
         279          5325
        7037          -764
        3723            36
        1869          5391
        4610            70
        4833            26
        4703            41
       -4328          1501
       -4347          1591
       -4365          1546
       -4253          1413
       -4420          1516
       -4289          1204
        2367          1233
        4760          -300
        3367          1119
        2274          1381
         974          2787
        6055          -279
        3796           334
        6388          -396
        2260           356
        1451          3577
        2510          2467
        6186          -768
        4261          -243
        1167          5225
        4240           187
        4055           290
