        4610            70
        4833            26
        4703            41
       -4328          1501
       -4347          1591
       -4365          1546
       -4253          1413
       -4420          1516
       -4289          1204
        2367          1233
        4760          -300
        3367          1119
        2274          1381
         974          2787
        6055          -279
        3796           334
        6388          -396
        2260           356
        1451          3577
        2510          2467
        6186          -768
        4261          -243
        1167          5225
        4240           187
        4055           290
        4983          -596
        4593           -63
        6444          -411
        4036           335
        4425           218
        4442           455
        2651          -101
        2557           165
        6611          -588
        6389          -693
        6371          -723
        6463          -530
        3204           182
        2480           922
       10247         -2917
         298          5266
        4057          -318
         836          4926
         131          5340
        3094            33
        4499           203
        4500           -34
        3484          -246
        2945           345
         621          3187
