        4983          -596
        4593           -63
        6444          -411
        4036           335
        4425           218
        4442           455
        2651          -101
        2557           165
        6611          -588
        6389          -693
        6371          -723
        6463          -530
        3204           182
        2480           922
       10247         -2917
         298          5266
        4057          -318
         836          4926
         131          5340
        3094            33
        4499           203
        4500           -34
        3484          -246
        2945           345
         621          3187
       -2734           854
        3242           153
        3242           -54
         355          4969
         393          4598
       10655           884
        3464           -23
        1340          3561
        1401          2343
        1816           429
        3926             7
         241          5533
       10303         -2991
        2146          1158
        1892           -45
       10248         -3154
        2169           118
        2242           356
        3428          -128
       10247         -3006
       -4826          5677
        9971         -3200
       10615          1418
        5463          -252
        4075           -21
