       -2734           854
        3242           153
        3242           -54
         355          4969
         393          4598
       10655           884
        3464           -23
        1340          3561
        1401          2343
        1816           429
        3926             7
         241          5533
       10303         -2991
        2146          1158
        1892           -45
       10248         -3154
        2169           118
        2242           356
        3428          -128
       10247         -3006
       -4826          5677
        9971         -3200
       10615          1418
        5463          -252
        4075           -21
        2291          1783
        8103           709
         786          3440
         916          3277
        4427          -316
        2834           270
        4071           795
        2295           802
       10328          -616
        4702           189
        2241           535
        2557           283
        6111          -501
        6222          -575
       -5900          1584
        5947          -903
        6336         -1035
        6408          -663
        4518            55
        3574           318
        5984         -1051
        6389          -619
        3373          -262
        4535           307
        2553          1115
