        2291          1783
        8103           709
         786          3440
         916          3277
        4427          -316
        2834           270
        4071           795
        2295           802
       10328          -616
        4702           189
        2241           535
        2557           283
        6111          -501
        6222          -575
       -5900          1584
        5947          -903
        6336         -1035
        6408          -663
        4518            55
        3574           318
        5984         -1051
        6389          -619
        3373          -262
        4535           307
        2553          1115
       10048         -3793
        1278          5314
         999          5685
        4760          -211
        3352           153
        4407            -4
        5333          -193
        -318          2396
        5685          -266
        6017          -101
        5241          -268
        4573            70
        4277            98
        3833           126
        3107          1370
        6148          -531
        2570          1383
        4370           113
        1182          1629
        1586          2404
        4463           -78
        7861          1168
        7476           335
        7254           438
        7291           394
