       10048         -3793
        1278          5314
         999          5685
        4760          -211
        3352           153
        4407            -4
        5333          -193
        -318          2396
        5685          -266
        6017          -101
        5241          -268
        4573            70
        4277            98
        3833           126
        3107          1370
        6148          -531
        2570          1383
        4370           113
        1182          1629
        1586          2404
        4463           -78
        7861          1168
        7476           335
        7254           438
        7291           394
        4779          -314
        4519          -241
        6054          -220
        1759          5138
        8635          1780
        5501          -549
        5519          -400
        4073           275
       10828          3615
         853          5120
        5704          -444
        5832          -235
        5555          -252
        2683          1057
        5871          -592
        5295           -60
       10403          -823
        3908           -81
        3352           183
        2370           580
        6127            92
        3759           170
        5759          -429
        3482           198
        3557           -82
