        4779          -314
        4519          -241
        6054          -220
        1759          5138
        8635          1780
        5501          -549
        5519          -400
        4073           275
       10828          3615
         853          5120
        5704          -444
        5832          -235
        5555          -252
        2683          1057
        5871          -592
        5295           -60
       10403          -823
        3908           -81
        3352           183
        2370           580
        6127            92
        3759           170
        5759          -429
        3482           198
        3557           -82
        1983          4782
        1797          5004
        3370           287
        3296           331
        3351           450
         485          4821
        6185          -397
        2550          1680
        4111            68
        2679          1859
        2090          1336
        2237          1396
         590          6114
        3750          7047
        3768          7002
        4480           218
         411          4821
        1085          2624
        3927          -200
        1252          2491
        6742          -855
        3521          -216
        6852          -706
        6777          -558
       10856          1271
