        1983          4782
        1797          5004
        3370           287
        3296           331
        3351           450
         485          4821
        6185          -397
        2550          1680
        4111            68
        2679          1859
        2090          1336
        2237          1396
         590          6114
        3750          7047
        3768          7002
        4480           218
         411          4821
        1085          2624
        3927          -200
        1252          2491
        6742          -855
        3521          -216
        6852          -706
        6777          -558
       10856          1271
        2094          4619
        4241           -35
        3889           126
        4258           232
        4425           277
       -2556          2431
        3909          -111
        2224           178
        3833           215
        6778          -721
        2331          1100
       10984          1568
       10688          1715
        2498           996
        -985          2512
        4743          -523
        5186          -313
        5389          -297
        6648          -514
       10341         -3154
         712          8269
        -334          6244
        1917          2672
       10267         -3258
        4555           -48
