        2094          4619
        4241           -35
        3889           126
        4258           232
        4425           277
       -2556          2431
        3909          -111
        2224           178
        3833           215
        6778          -721
        2331          1100
       10984          1568
       10688          1715
        2498           996
        -985          2512
        4743          -523
        5186          -313
        5389          -297
        6648          -514
       10341         -3154
         712          8269
        -334          6244
        1917          2672
       10267         -3258
        4555           -48
        6334          -753
        9672          1414
        4482           -34
       10029         -3675
        4705          -359
        4520          -345
        6648          -648
       -1132          2422
        3298             5
        4483          -390
        2383          1857
        4019            -6
        4074           171
        4315            69
       10138         -3377
        1815           785
        3961           617
         966          4749
        4020          -259
         869          5729
       10156         -3318
         832          1375
        1740           889
        1870           756
        1890          4812
