        2242           371
        1980          5436
        6184          -293
        6184          -204
        6165           -71
        3872          -229
        3926           156
        3964           -36
        4277            83
         613          5059
        3927          -125
        1906           994
        5981          -428
        6056          -591
        6203          -323
        6276          -219
        5981          -398
        6074          -487
        5779          -637
        6403           330
        5724          -726
        5944          -413
        2370           580
        1055          1064
       10212         -3332
        6591          -336
        2219          1337
        6517          -381
        6555          -410
       10632         -2306
       10540         -2307
        -357          2737
        6035            47
        6667          -707
        3575             6
        3557           -82
        6055          -398
        3556            80
        6036          -309
        4203           276
        5962          -131
       10930          1301
        -558          2246
        3835          -200
        5591            59
       10484         -2203
       10908         -2023
        6018          -383
       10802          1033
        5369             0
