        6591          -336
        2219          1337
        6517          -381
        6555          -410
       10632         -2306
       10540         -2307
        -357          2737
        6035            47
        6667          -707
        3575             6
        3557           -82
        6055          -398
        3556            80
        6036          -309
        4203           276
        5962          -131
       10930          1301
        -558          2246
        3835          -200
        5591            59
       10484         -2203
       10908         -2023
        6018          -383
       10802          1033
        5369             0
        2076           296
        4851            12
        4500           -93
       10929          1479
       10708          1389
        5498            29
        4333            98
        4186          -169
        4130           -65
        3167           212
        3411          -440
        4039          -229
        2258           966
        2091           965
        4536            84
        4537           -33
        2460          1145
        4743          -597
        4131          -184
        3964          -185
        3927            -6
        4371           -49
        2129           861
        4519           -63
        2667           418
