        2076           296
        4851            12
        4500           -93
       10929          1479
       10708          1389
        5498            29
        4333            98
        4186          -169
        4130           -65
        3167           212
        3411          -440
        4039          -229
        2258           966
        2091           965
        4536            84
        4537           -33
        2460          1145
        4743          -597
        4131          -184
        3964          -185
        3927            -6
        4371           -49
        2129           861
        4519           -63
        2667           418
        4333            98
        3852           111
        4500            10
        4187          -302
        4408           -34
        4131          -139
        5686          -503
        5888          -235
         928           484
        -365          4833
        5575          -608
        5167          -224
        3315           272
        4371           -94
        2944           404
       -2680          1033
           3          5072
        3426           243
       10817         -2320
         986           -64
        3187           -40
        3316           -54
        -485          2410
        9974         -3808
        6222          -486
