        4333            98
        3852           111
        4500            10
        4187          -302
        4408           -34
        4131          -139
        5686          -503
        5888          -235
         928           484
        -365          4833
        5575          -608
        5167          -224
        3315           272
        4371           -94
        2944           404
       -2680          1033
           3          5072
        3426           243
       10817         -2320
         986           -64
        3187           -40
        3316           -54
        -485          2410
        9974         -3808
        6222          -486
        2645          1175
